Sample ID:	C:\MCC\MCC Cal\Test\Cotton_Shirt\Cotton_Shirt_MCC_30K_min_210709_R1.txt
Sample Weight (mg):	5.35
Heating Rate (C/s):	1
Combustor Temp (C):	900
N2 Flow Rate (cc/min):	80
O2 Flow Rate (cc/min):	20
Calibration File:	C:\MCC\MCC Cal\Coeff1 JN10440_30_210304.txt.txt
T Correction Coefficients:	0	1.024463	0
Time Shift (s):	14
*
Time (s)	Temperature (C)	N2 flow rate (cc/min)	O2 flow rate (cc/min)	Flow Rate (cc/min)	Oxygen (%)	HRR (W/g)	Heating rate (C/s)
0.000	110.503	79.994	19.995	99.944	20.069	-0.063	-0.019
0.500	110.473	79.994	19.996	99.948	20.068	-0.017	-0.023
1.000	110.503	79.993	19.995	99.953	20.068	-0.024	-0.016
1.500	110.457	79.994	19.996	99.957	20.066	0.103	-0.007
2.000	110.475	79.994	19.994	99.959	20.068	-0.008	-0.022
2.500	110.481	79.994	19.995	99.958	20.069	-0.076	-0.002
3.000	110.521	79.995	19.995	99.957	20.068	-0.022	0.035
3.500	110.466	79.993	19.995	99.954	20.069	-0.038	0.016
4.000	110.493	79.992	19.995	99.951	20.067	0.051	-0.021
4.500	110.472	79.994	19.995	99.952	20.068	-0.019	-0.011
5.000	110.459	79.993	19.995	99.957	20.070	-0.116	-0.014
5.500	110.458	79.994	19.995	99.960	20.068	-0.029	-0.024
6.000	110.469	79.993	19.996	99.963	20.068	-0.008	-0.002
6.500	110.461	79.993	19.995	99.967	20.070	-0.103	0.006
7.000	110.497	79.994	19.996	99.967	20.068	0.000	0.015
7.500	110.458	79.993	19.996	99.969	20.069	-0.049	0.013
8.000	110.446	79.993	19.995	99.968	20.069	-0.051	-0.027
8.500	110.460	79.993	19.996	99.966	20.069	-0.032	-0.025
9.000	110.448	79.993	19.996	99.966	20.068	0.025	0.002
9.500	110.476	79.993	19.996	99.966	20.063	0.302	0.010
10.000	110.442	79.993	19.996	99.967	20.062	0.377	0.005
10.500	110.398	79.992	19.996	99.972	20.062	0.341	-0.042
11.001	110.433	79.992	19.998	99.979	20.058	0.608	-0.044
11.501	110.448	79.993	19.996	99.991	20.058	0.607	0.020
12.000	110.429	79.993	19.995	100.008	20.057	0.670	0.023
12.501	110.446	79.994	19.995	100.030	20.054	0.836	-0.003
13.001	110.416	79.992	19.996	100.054	20.048	1.167	-0.007
13.501	110.467	79.992	19.996	100.079	20.047	1.253	0.004
14.001	110.471	79.992	19.995	100.098	20.044	1.430	0.038
14.500	110.461	79.993	19.995	100.118	20.043	1.448	0.024
15.000	110.493	79.993	19.995	100.134	20.043	1.465	0.008
15.500	110.535	79.993	19.996	100.145	20.039	1.683	0.048
16.000	110.514	79.994	19.995	100.154	20.036	1.895	0.048
16.500	110.567	79.993	19.996	100.164	20.034	1.978	0.027
17.000	110.589	79.994	19.995	100.172	20.035	1.932	0.053
17.500	110.626	79.993	19.995	100.180	20.031	2.179	0.066
18.000	110.654	79.993	19.995	100.192	20.026	2.476	0.062
18.500	110.688	79.993	19.996	100.201	20.023	2.640	0.064
19.000	110.758	79.993	19.995	100.213	20.023	2.611	0.083
19.500	110.808	79.993	19.995	100.223	20.024	2.589	0.112
20.000	110.830	79.992	19.996	100.230	20.025	2.513	0.096
20.500	110.913	79.995	19.996	100.237	20.021	2.726	0.088
21.000	110.940	79.992	19.995	100.246	20.018	2.916	0.107
21.500	110.953	79.994	19.994	100.256	20.016	3.043	0.075
22.000	111.038	79.993	19.995	100.262	20.018	2.921	0.069
22.500	111.146	79.993	19.995	100.269	20.013	3.220	0.146
23.000	111.214	79.993	19.996	100.276	20.012	3.253	0.184
23.500	111.251	79.996	19.994	100.286	20.011	3.312	0.140
24.000	111.345	79.994	19.994	100.287	20.011	3.333	0.118
24.500	111.424	79.993	19.994	100.289	20.012	3.290	0.152
25.000	111.489	79.994	19.995	100.290	20.011	3.311	0.159
25.500	111.557	79.994	19.995	100.291	20.008	3.540	0.139
26.000	111.673	79.994	19.996	100.292	20.007	3.587	0.159
26.500	111.774	79.994	19.994	100.295	20.006	3.648	0.200
27.000	111.858	79.992	19.995	100.301	20.004	3.749	0.201
27.500	111.952	79.992	19.996	100.308	20.003	3.774	0.182
28.000	112.055	79.994	19.995	100.314	20.002	3.879	0.188
28.500	112.146	79.993	19.996	100.323	20.000	3.981	0.195
29.000	112.275	79.992	19.996	100.333	20.000	3.991	0.207
29.500	112.418	79.993	19.996	100.338	19.999	4.027	0.246
30.000	112.501	79.994	19.995	100.342	19.997	4.146	0.249
30.500	112.610	79.993	19.996	100.345	19.996	4.212	0.209
31.000	112.769	79.992	19.996	100.342	19.996	4.210	0.230
31.500	112.910	79.994	19.996	100.338	19.995	4.285	0.284
32.001	113.034	79.993	19.995	100.340	19.997	4.129	0.283
32.501	113.211	79.993	19.996	100.344	19.994	4.325	0.283
33.001	113.320	79.994	19.996	100.346	19.994	4.331	0.293
33.500	113.489	79.992	19.995	100.347	19.994	4.352	0.282
34.000	113.666	79.992	19.996	100.344	19.991	4.518	0.312
34.500	113.812	79.993	19.996	100.342	19.990	4.587	0.334
35.000	113.986	79.994	19.996	100.341	19.989	4.617	0.321
35.500	114.148	79.993	19.996	100.342	19.994	4.345	0.328
36.000	114.325	79.992	19.996	100.343	19.990	4.543	0.338
36.500	114.503	79.993	19.996	100.345	19.990	4.570	0.347
37.000	114.640	79.993	19.996	100.354	19.992	4.475	0.334
37.500	114.841	79.995	19.996	100.334	19.988	4.679	0.326
38.000	114.990	79.994	19.996	100.304	19.992	4.442	0.344
38.500	115.200	79.994	19.995	100.288	19.992	4.451	0.355
39.000	115.352	79.994	19.996	100.282	19.990	4.590	0.360
39.500	115.534	79.995	19.996	100.279	19.989	4.602	0.348
40.000	115.718	79.993	19.997	100.339	19.987	4.727	0.350
40.500	115.944	79.994	19.996	100.392	19.989	4.632	0.388
41.001	116.129	79.993	19.997	100.418	19.985	4.852	0.411
41.501	116.330	79.992	19.997	100.433	19.986	4.820	0.399
42.000	116.512	79.994	19.997	100.429	19.987	4.720	0.385
42.500	116.737	79.993	19.996	100.391	19.986	4.806	0.395
43.000	116.961	79.994	19.996	100.369	19.987	4.715	0.428
43.500	117.164	79.994	19.996	100.360	19.985	4.875	0.438
44.000	117.391	79.995	19.996	100.358	19.986	4.782	0.428
44.500	117.596	79.994	19.996	100.360	19.988	4.696	0.431
45.000	117.835	79.995	19.996	100.365	19.985	4.878	0.438
45.500	118.034	79.995	19.996	100.371	19.990	4.570	0.441
46.000	118.278	79.995	19.996	100.377	19.987	4.766	0.441
46.501	118.505	79.996	19.996	100.382	19.983	4.969	0.457
47.001	118.725	79.995	19.995	100.386	19.985	4.888	0.459
47.500	118.978	79.996	19.996	100.382	19.981	5.120	0.460
48.000	119.206	79.997	19.995	100.377	19.981	5.120	0.477
48.500	119.394	79.996	19.996	100.377	19.982	5.009	0.448
49.000	119.671	79.996	19.996	100.378	19.982	5.033	0.440
49.500	119.941	79.997	19.995	100.377	19.985	4.858	0.506
50.000	120.101	79.995	19.995	100.379	19.982	5.048	0.489
50.500	120.440	79.994	19.995	100.381	19.980	5.134	0.465
51.000	120.635	79.996	19.996	100.383	19.980	5.159	0.516
51.500	120.928	79.996	19.995	100.385	19.980	5.173	0.510
52.000	121.190	79.995	19.995	100.384	19.982	5.047	0.522
52.500	121.437	79.994	19.996	100.387	19.979	5.206	0.533
53.000	121.711	79.997	19.996	100.387	19.978	5.287	0.515
53.500	121.992	79.996	19.995	100.387	19.980	5.180	0.538
54.001	122.269	79.996	19.994	100.387	19.974	5.526	0.557
54.501	122.511	79.996	19.995	100.393	19.972	5.618	0.539
55.001	122.787	79.994	19.994	100.395	19.975	5.460	0.518
55.501	123.058	79.994	19.996	100.398	19.976	5.379	0.532
56.000	123.339	79.995	19.995	100.398	19.974	5.504	0.550
56.500	123.610	79.995	19.995	100.398	19.979	5.228	0.552
57.000	123.894	79.994	19.995	100.397	19.974	5.487	0.553
57.500	124.170	79.994	19.995	100.396	19.975	5.452	0.557
58.001	124.459	79.995	19.995	100.396	19.973	5.568	0.563
58.501	124.762	79.995	19.996	100.397	19.976	5.395	0.579
59.000	125.097	79.995	19.995	100.400	19.973	5.574	0.615
59.501	125.409	79.995	19.995	100.407	19.972	5.639	0.643
60.001	125.686	79.993	19.996	100.411	19.974	5.511	0.618
60.500	125.982	79.995	19.995	100.415	19.974	5.515	0.581
61.000	126.261	79.994	19.994	100.416	19.973	5.548	0.574
61.500	126.569	79.994	19.996	100.413	19.975	5.454	0.581
62.000	126.912	79.995	19.995	100.406	19.972	5.612	0.619
62.501	127.191	79.996	19.995	100.405	19.971	5.708	0.637
63.001	127.514	79.994	19.994	100.407	19.973	5.559	0.612
63.500	127.866	79.995	19.996	100.413	19.971	5.693	0.638
64.001	128.170	79.995	19.995	100.416	19.971	5.666	0.665
64.501	128.451	79.995	19.994	100.418	19.971	5.706	0.620
65.000	128.800	79.995	19.995	100.416	19.972	5.614	0.608
65.501	129.132	79.995	19.995	100.411	19.974	5.486	0.656
66.001	129.448	79.996	19.996	100.407	19.974	5.481	0.665
66.500	129.757	79.995	19.995	100.409	19.974	5.526	0.636
67.000	130.124	79.997	19.995	100.411	19.973	5.553	0.650
67.500	130.462	79.997	19.995	100.416	19.969	5.781	0.690
68.000	130.791	79.995	19.995	100.419	19.971	5.671	0.686
68.500	131.090	79.994	19.995	100.419	19.971	5.699	0.648
69.001	131.444	79.993	19.996	100.414	19.970	5.762	0.641
69.501	131.819	79.995	19.999	100.411	19.971	5.696	0.691
70.000	132.179	79.996	19.995	100.412	19.971	5.699	0.732
70.501	132.504	79.996	19.993	100.410	19.973	5.561	0.710
71.001	132.870	79.997	19.994	100.407	19.971	5.672	0.688
71.500	133.202	79.998	19.995	100.407	19.971	5.669	0.694
72.000	133.539	79.997	19.994	100.406	19.968	5.864	0.684
72.500	133.965	79.997	19.994	100.401	19.969	5.802	0.716
73.000	134.319	79.997	19.994	100.405	19.968	5.875	0.771
73.500	134.650	79.997	19.995	100.409	19.970	5.757	0.733
74.000	135.004	79.997	19.995	100.409	19.968	5.848	0.685
74.501	135.392	79.997	19.993	100.409	19.969	5.789	0.713
75.001	135.760	79.996	19.995	100.408	19.966	5.986	0.749
75.500	136.129	79.996	19.995	100.407	19.969	5.771	0.747
76.000	136.454	79.996	19.995	100.409	19.968	5.864	0.716
76.500	136.841	79.997	19.993	100.413	19.968	5.843	0.703
77.000	137.271	79.995	19.995	100.413	19.975	5.427	0.764
77.500	137.588	79.995	19.996	100.413	19.969	5.778	0.782
78.000	137.971	79.995	19.994	100.411	19.971	5.664	0.724
78.500	138.351	79.995	19.995	100.407	19.968	5.854	0.732
79.000	138.745	79.994	19.996	100.404	19.971	5.698	0.768
79.501	139.156	79.996	19.995	100.405	19.970	5.730	0.789
80.001	139.545	79.990	19.996	100.405	19.971	5.668	0.802
80.500	139.923	79.994	19.993	100.404	19.970	5.765	0.784
81.000	140.261	79.995	19.994	100.403	19.969	5.784	0.742
81.500	140.644	79.994	19.996	100.405	19.971	5.707	0.719
82.000	141.042	79.992	19.996	100.404	19.971	5.656	0.750
82.500	141.420	79.995	19.995	100.405	19.971	5.667	0.778
83.000	141.821	79.993	19.994	100.409	19.968	5.873	0.778
83.500	142.214	79.994	19.994	100.409	19.968	5.879	0.787
84.001	142.623	79.994	19.994	100.408	19.968	5.871	0.798
84.501	143.037	79.996	19.994	100.408	19.968	5.855	0.812
85.000	143.407	79.993	19.995	100.407	19.967	5.941	0.804
85.500	143.836	79.995	19.995	100.404	19.966	5.976	0.792
86.001	144.257	79.993	19.993	100.406	19.967	5.924	0.824
86.501	144.620	79.995	19.994	100.408	19.969	5.823	0.817
87.000	145.045	79.992	19.995	100.410	19.966	5.967	0.786
87.500	145.458	79.994	19.996	100.409	19.967	5.905	0.812
88.000	145.864	79.994	19.994	100.410	19.969	5.804	0.828
88.500	146.240	79.994	19.995	100.408	19.965	6.005	0.801
89.000	146.661	79.994	19.994	100.406	19.964	6.081	0.789
89.500	147.052	79.994	19.996	100.404	19.965	6.001	0.804
90.000	147.486	79.993	19.995	100.404	19.966	5.942	0.819
90.500	147.937	79.996	19.995	100.403	19.966	5.992	0.855
91.000	148.305	79.994	19.994	100.404	19.966	5.960	0.852
91.500	148.750	79.994	19.996	100.404	19.967	5.900	0.816
92.001	149.184	79.993	19.996	100.404	19.968	5.884	0.846
92.501	149.623	79.995	19.995	100.404	19.967	5.898	0.876
93.001	150.039	79.994	19.996	100.404	19.964	6.086	0.864
93.501	150.444	79.995	19.995	100.401	19.969	5.798	0.838
94.000	150.877	79.992	19.997	100.401	19.968	5.841	0.829
94.500	151.280	79.998	19.994	100.400	19.969	5.782	0.837
95.000	151.704	79.993	19.996	100.398	19.969	5.804	0.832
95.500	152.133	79.994	19.997	100.399	19.967	5.895	0.840
96.000	152.545	79.994	19.995	100.397	19.966	5.975	0.847
96.500	152.990	79.995	19.997	100.397	19.968	5.853	0.849
97.000	153.351	79.994	19.996	100.397	19.970	5.734	0.831
97.500	153.795	79.993	19.996	100.397	19.970	5.740	0.805
98.000	154.219	79.992	20.000	100.397	19.968	5.857	0.837
98.500	154.615	79.994	19.996	100.396	19.970	5.761	0.844
99.000	155.035	79.993	19.996	100.392	19.967	5.922	0.818
99.500	155.482	79.997	19.995	100.391	19.970	5.745	0.842
100.000	155.925	79.991	19.998	100.391	19.968	5.839	0.878
100.500	156.345	79.997	19.995	100.389	19.969	5.796	0.876
101.000	156.773	79.995	19.997	100.390	19.966	5.978	0.856
101.501	157.230	79.998	19.996	100.394	19.968	5.834	0.866
102.001	157.642	79.992	19.996	100.395	19.966	5.955	0.877
102.500	158.073	79.991	20.000	100.391	19.969	5.780	0.856
103.000	158.514	79.987	20.001	100.392	19.968	5.867	0.857
103.500	158.974	79.995	19.993	100.391	19.967	5.933	0.886
104.001	159.427	79.999	19.991	100.392	19.968	5.869	0.907
104.501	159.849	79.995	19.996	100.394	19.970	5.763	0.894
105.001	160.300	79.995	19.994	100.396	19.971	5.702	0.874
105.500	160.741	79.990	19.996	100.397	19.969	5.772	0.883
106.000	161.189	79.994	19.997	100.398	19.966	5.984	0.891
106.500	161.650	79.999	19.994	100.395	19.965	6.006	0.900
107.000	162.073	79.989	19.998	100.393	19.967	5.886	0.897
107.500	162.569	79.995	19.997	100.392	19.969	5.816	0.901
108.000	163.007	79.994	19.997	100.392	19.966	5.958	0.926
108.500	163.446	79.999	19.996	100.392	19.967	5.893	0.906
109.000	163.911	79.996	19.999	100.394	19.968	5.868	0.891
109.500	164.372	79.997	19.995	100.395	19.967	5.913	0.915
110.001	164.829	79.996	19.994	100.398	19.967	5.895	0.922
110.501	165.287	79.995	19.998	100.399	19.967	5.935	0.916
111.000	165.774	79.994	19.996	100.398	19.964	6.064	0.930
111.500	166.206	79.995	19.995	100.397	19.965	6.021	0.932
112.000	166.690	79.992	19.996	100.394	19.967	5.893	0.918
112.500	167.123	79.994	19.996	100.392	19.966	5.977	0.917
113.000	167.572	79.995	19.996	100.389	19.970	5.736	0.899
113.501	168.052	79.994	19.995	100.386	19.970	5.707	0.905
114.001	168.489	79.993	19.994	100.386	19.968	5.879	0.923
114.500	168.956	79.995	19.995	100.390	19.969	5.776	0.911
115.000	169.453	79.993	19.995	100.391	19.968	5.857	0.934
115.500	169.891	79.994	19.997	100.395	19.969	5.767	0.949
116.000	170.346	79.988	19.999	100.396	19.971	5.660	0.914
116.500	170.820	79.994	20.002	100.390	19.965	6.020	0.911
117.000	171.286	79.997	19.989	100.384	19.968	5.842	0.934
117.501	171.808	79.993	19.997	100.379	19.970	5.761	0.964
118.001	172.218	79.995	19.995	100.374	19.969	5.776	0.960
118.500	172.710	79.995	19.998	100.376	19.968	5.871	0.917
119.000	173.139	79.997	19.995	100.382	19.968	5.842	0.911
119.500	173.636	79.991	20.000	100.388	19.969	5.824	0.923
120.000	174.125	79.993	19.993	100.392	19.969	5.818	0.956
120.500	174.561	79.992	19.996	100.397	19.968	5.882	0.955
121.000	175.033	79.993	19.995	100.397	19.968	5.864	0.916
121.500	175.513	79.994	19.997	100.397	19.970	5.765	0.930
122.000	175.961	79.997	19.994	100.395	19.968	5.857	0.940
122.501	176.469	79.989	19.996	100.391	19.968	5.879	0.942
123.001	176.925	79.999	19.995	100.386	19.964	6.073	0.960
123.500	177.420	79.996	19.995	100.380	19.968	5.830	0.957
124.001	177.860	79.989	20.000	100.375	19.966	5.970	0.943
124.501	178.351	79.997	20.000	100.373	19.968	5.863	0.933
125.000	178.875	79.994	19.990	100.374	19.966	5.971	0.973
125.500	179.350	79.994	19.992	100.377	19.967	5.930	1.007
126.000	179.827	79.999	19.993	100.380	19.969	5.813	0.976
126.500	180.294	79.993	19.993	100.383	19.967	5.906	0.948
127.000	180.784	79.991	19.998	100.383	19.968	5.824	0.950
127.501	181.261	79.994	19.998	100.386	19.968	5.824	0.962
128.000	181.778	79.994	19.999	100.386	19.966	5.976	0.981
128.500	182.286	80.002	19.996	100.387	19.966	5.941	1.010
129.000	182.756	79.992	20.000	100.385	19.968	5.871	1.002
129.500	183.238	79.994	19.999	100.387	19.966	5.941	0.965
130.000	183.714	79.995	19.994	100.388	19.971	5.665	0.955
130.500	184.172	79.997	20.000	100.388	19.967	5.891	0.946
131.000	184.712	79.996	19.997	100.389	19.967	5.918	0.966
131.500	185.175	79.992	19.998	100.388	19.968	5.828	1.001
132.000	185.693	79.994	19.996	100.388	19.970	5.762	0.992
132.500	186.190	79.994	19.992	100.384	19.965	6.036	0.998
133.000	186.693	79.992	19.997	100.378	19.969	5.797	1.007
133.500	187.231	79.993	19.998	100.376	19.965	6.019	1.020
134.001	187.701	79.997	19.995	100.379	19.968	5.839	1.025
134.501	188.214	79.995	19.991	100.374	19.969	5.794	0.995
135.000	188.651	79.992	19.999	100.372	19.968	5.853	0.966
135.500	189.164	79.996	19.996	100.370	19.967	5.898	0.950
136.000	189.654	79.995	19.990	100.367	19.968	5.837	0.977
136.500	190.156	79.996	19.998	100.363	19.968	5.880	0.997
137.000	190.654	79.994	19.995	100.361	19.969	5.783	0.996
137.500	191.122	79.996	19.994	100.361	19.968	5.877	0.983
138.000	191.633	79.987	19.998	100.361	19.971	5.692	0.972
138.500	192.126	79.997	19.998	100.361	19.970	5.734	0.992
139.000	192.637	79.997	19.998	100.360	19.970	5.759	1.004
139.500	193.139	79.995	19.996	100.361	19.968	5.844	1.009
140.000	193.686	79.996	19.996	100.360	19.968	5.847	1.031
140.500	194.177	79.995	19.995	100.360	19.969	5.785	1.044
141.000	194.694	79.992	19.997	100.360	19.967	5.890	1.023
141.500	195.157	79.996	19.997	100.360	19.967	5.926	0.994
142.000	195.646	79.994	19.992	100.360	19.968	5.844	0.966
142.500	196.159	79.995	19.995	100.361	19.968	5.826	0.977
143.000	196.643	79.996	19.991	100.361	19.967	5.905	0.999
143.500	197.131	79.991	19.997	100.361	19.966	5.954	0.984
144.000	197.687	79.993	20.001	100.360	19.967	5.910	1.008
144.500	198.202	79.993	19.999	100.359	19.968	5.847	1.057
145.001	198.672	79.994	19.995	100.358	19.970	5.723	1.028
145.501	199.178	79.994	19.997	100.358	19.967	5.939	0.981
146.000	199.686	79.996	19.994	100.356	19.966	5.943	0.995
146.500	200.230	79.995	19.993	100.358	19.968	5.856	1.033
147.000	200.684	79.996	19.995	100.359	19.963	6.124	1.025
147.500	201.205	79.997	19.993	100.360	19.966	5.993	0.987
148.000	201.735	79.992	19.997	100.361	19.968	5.860	1.013
148.500	202.275	79.996	19.997	100.361	19.968	5.849	1.060
149.000	202.770	79.995	19.990	100.361	19.965	6.034	1.052
149.500	203.290	79.996	19.994	100.362	19.966	5.954	1.025
150.000	203.769	79.996	19.987	100.362	19.963	6.155	1.007
150.500	204.302	79.996	19.993	100.367	19.965	6.045	1.006
151.000	204.808	79.999	19.991	100.346	19.965	6.014	1.025
151.500	205.301	79.997	19.989	100.310	19.966	5.943	1.019
152.000	205.813	79.996	19.995	100.286	19.966	5.968	1.002
152.500	206.351	79.995	19.996	100.272	19.961	6.256	1.028
153.000	206.863	79.998	19.992	100.257	19.966	5.981	1.050
153.500	207.405	80.000	19.993	100.281	19.966	5.974	1.052
154.000	207.917	79.999	19.997	100.342	19.970	5.734	1.054
154.500	208.422	80.002	19.998	100.391	19.964	6.092	1.035
155.000	208.908	79.999	19.993	100.414	19.968	5.868	1.004
155.500	209.398	79.997	19.998	100.423	19.966	5.941	0.983
156.000	209.946	79.995	19.999	100.419	19.969	5.797	1.007
156.500	210.402	79.994	19.993	100.393	19.966	5.952	1.021
157.000	210.958	79.989	20.003	100.366	19.970	5.708	1.008
157.500	211.493	79.991	19.997	100.356	19.966	5.955	1.051
158.000	211.972	79.997	19.995	100.354	19.965	6.019	1.052
158.500	212.507	79.995	19.997	100.351	19.967	5.891	1.014
159.000	213.027	79.998	19.995	100.346	19.967	5.912	1.035
159.500	213.540	79.998	19.991	100.338	19.970	5.721	1.044
160.000	214.036	79.997	19.996	100.340	19.968	5.840	1.021
160.500	214.570	80.006	19.990	100.341	19.966	5.978	1.020
161.000	215.054	79.992	19.993	100.344	19.968	5.846	1.024
161.500	215.576	79.996	19.998	100.347	19.966	5.969	1.012
162.000	216.084	79.996	19.996	100.352	19.965	6.001	1.018
162.500	216.636	79.996	19.994	100.346	19.967	5.910	1.045
163.000	217.123	79.995	19.993	100.340	19.967	5.908	1.049
163.500	217.665	79.997	19.991	100.336	19.967	5.912	1.034
164.000	218.141	79.994	19.999	100.336	19.964	6.079	1.024
164.500	218.670	79.992	19.998	100.333	19.966	5.945	1.012
165.000	219.183	79.995	19.991	100.335	19.966	5.957	1.023
165.500	219.716	79.998	19.991	100.339	19.964	6.090	1.044
166.000	220.214	79.997	19.996	100.339	19.964	6.094	1.039
166.500	220.733	79.993	19.997	100.336	19.965	6.040	1.024
167.000	221.227	79.992	19.998	100.336	19.965	6.034	1.014
167.500	221.771	79.992	19.998	100.336	19.967	5.905	1.025
168.000	222.333	79.995	19.995	100.330	19.965	6.036	1.072
168.500	222.857	79.993	19.995	100.326	19.967	5.905	1.096
169.000	223.358	79.993	19.993	100.329	19.966	5.942	1.055
169.500	223.863	80.001	19.990	100.330	19.967	5.899	1.016
170.000	224.386	80.001	19.992	100.328	19.964	6.086	1.018
170.500	224.906	79.991	19.997	100.331	19.970	5.760	1.036
171.000	225.395	79.992	20.003	100.328	19.967	5.889	1.026
171.500	225.942	79.996	19.996	100.325	19.965	6.000	1.022
172.000	226.459	79.995	19.994	100.323	19.964	6.109	1.050
172.500	226.954	79.995	19.996	100.322	19.966	5.940	1.038
173.000	227.438	79.995	19.995	100.321	19.966	5.957	0.995
173.500	227.991	79.994	19.996	100.325	19.968	5.866	1.008
174.000	228.518	79.996	19.998	100.327	19.965	6.002	1.058
174.500	229.069	79.995	19.993	100.325	19.966	5.978	1.079
175.000	229.571	79.992	20.000	100.324	19.963	6.117	1.066
175.500	230.092	79.995	19.991	100.323	19.968	5.830	1.038
176.000	230.597	79.988	19.996	100.321	19.965	6.007	1.024
176.500	231.125	79.993	19.997	100.320	19.963	6.124	1.029
177.000	231.649	79.995	19.999	100.321	19.962	6.187	1.043
177.500	232.136	80.000	19.995	100.320	19.961	6.254	1.031
178.000	232.661	79.996	19.998	100.320	19.965	6.000	1.011
178.500	233.166	79.991	19.999	100.320	19.964	6.068	1.021
179.000	233.656	79.993	19.996	100.320	19.965	6.043	1.013
179.500	234.209	79.995	19.995	100.320	19.961	6.245	1.019
180.000	234.733	80.001	19.993	100.320	19.961	6.280	1.060
180.500	235.251	79.995	19.995	100.320	19.957	6.520	1.060
181.000	235.771	79.997	19.996	100.319	19.961	6.268	1.040
181.500	236.255	79.998	19.993	100.318	19.962	6.209	1.021
182.000	236.773	79.995	19.998	100.318	19.959	6.351	1.003
182.500	237.294	79.999	19.994	100.318	19.958	6.461	1.020
183.000	237.822	79.999	19.995	100.317	19.958	6.450	1.044
183.500	238.374	79.999	19.995	100.315	19.957	6.522	1.064
184.000	238.871	79.995	19.995	100.314	19.956	6.558	1.064
184.500	239.345	79.995	19.996	100.313	19.958	6.428	1.010
185.000	239.871	79.993	19.997	100.314	19.955	6.614	0.986
185.500	240.382	79.999	19.992	100.316	19.955	6.638	1.019
186.000	240.881	79.992	19.990	100.323	19.955	6.607	1.023
186.500	241.399	79.993	20.002	100.325	19.957	6.496	1.013
187.000	241.936	79.992	19.999	100.325	19.952	6.759	1.036
187.500	242.446	79.997	19.995	100.327	19.954	6.663	1.051
188.000	242.999	79.993	20.000	100.326	19.951	6.834	1.055
188.500	243.478	79.993	19.999	100.318	19.951	6.844	1.048
189.000	244.021	79.994	19.996	100.313	19.951	6.831	1.027
189.500	244.500	79.998	19.995	100.310	19.950	6.914	1.021
190.000	244.987	79.995	19.996	100.309	19.950	6.904	0.994
190.500	245.511	79.996	19.995	100.308	19.944	7.277	0.989
191.000	246.027	79.993	19.995	100.313	19.947	7.100	1.026
191.500	246.533	79.989	19.996	100.317	19.944	7.280	1.031
192.000	247.051	79.998	19.994	100.320	19.942	7.388	1.023
192.500	247.565	79.991	19.997	100.321	19.944	7.280	1.028
193.000	248.067	79.998	19.994	100.321	19.945	7.187	1.024
193.500	248.570	79.996	19.996	100.321	19.943	7.299	1.011
194.000	249.079	79.995	19.995	100.322	19.941	7.441	1.008
194.500	249.592	79.995	19.993	100.323	19.940	7.465	1.017
195.000	250.115	79.998	19.995	100.323	19.940	7.474	1.029
195.500	250.650	79.993	19.997	100.324	19.937	7.653	1.048
196.000	251.149	79.993	19.998	100.323	19.937	7.682	1.046
196.500	251.660	79.995	19.992	100.321	19.934	7.812	1.022
197.000	252.193	79.996	19.993	100.322	19.935	7.785	1.027
197.500	252.673	79.996	19.993	100.322	19.931	7.987	1.029
198.000	253.180	79.993	19.996	100.322	19.931	8.019	1.000
198.500	253.690	79.997	19.997	100.324	19.932	7.944	1.002
199.000	254.184	79.996	19.992	100.330	19.932	7.936	1.011
199.500	254.695	79.995	19.993	100.330	19.931	7.992	1.005
200.000	255.187	79.990	19.996	100.330	19.924	8.409	1.004
200.500	255.719	79.998	20.000	100.331	19.923	8.478	1.013
201.000	256.227	79.999	19.996	100.330	19.918	8.757	1.032
201.500	256.738	79.994	19.998	100.329	19.918	8.794	1.029
202.000	257.216	79.991	20.001	100.328	19.920	8.643	1.003
202.500	257.723	79.997	19.997	100.327	19.918	8.795	0.987
203.000	258.214	79.997	19.997	100.325	19.917	8.853	0.992
203.500	258.722	79.997	19.995	100.325	19.913	9.047	0.999
204.000	259.260	79.998	19.992	100.322	19.912	9.109	1.022
204.500	259.791	79.995	19.985	100.323	19.912	9.154	1.057
205.000	260.243	79.993	20.000	100.326	19.912	9.107	1.026
205.500	260.757	79.996	19.995	100.328	19.909	9.285	0.975
206.000	261.213	79.997	19.995	100.327	19.906	9.503	0.968
206.500	261.732	79.999	19.996	100.326	19.907	9.435	0.973
207.000	262.206	80.000	19.996	100.328	19.902	9.723	0.985
207.500	262.744	79.993	19.999	100.326	19.902	9.732	1.003
208.000	263.246	79.995	19.998	100.324	19.901	9.778	1.026
208.500	263.765	79.997	19.992	100.325	19.902	9.740	1.030
209.000	264.246	79.991	20.001	100.326	19.898	9.935	1.010
209.500	264.769	79.995	19.996	100.321	19.894	10.156	1.002
210.000	265.227	79.994	19.998	100.323	19.894	10.165	0.993
210.500	265.726	79.990	20.005	100.324	19.891	10.386	0.969
211.000	266.244	79.999	19.998	100.326	19.889	10.493	0.987
211.500	266.729	79.988	20.005	100.328	19.889	10.455	1.010
212.000	267.259	79.993	20.000	100.331	19.886	10.630	1.009
212.500	267.785	79.996	20.001	100.333	19.885	10.711	1.035
213.000	268.251	79.995	19.995	100.332	19.883	10.843	1.024
213.500	268.734	79.994	19.999	100.331	19.883	10.851	0.971
214.000	269.236	79.997	19.993	100.331	19.877	11.154	0.967
214.500	269.739	79.993	19.994	100.331	19.879	11.062	0.995
215.000	270.258	79.991	19.997	100.329	19.875	11.280	1.014
215.500	270.745	79.995	19.999	100.334	19.875	11.294	1.014
216.000	271.272	79.994	19.997	100.339	19.868	11.697	1.009
216.500	271.781	79.995	19.998	100.338	19.871	11.529	1.025
217.000	272.281	79.995	19.993	100.336	19.864	11.951	1.022
217.500	272.780	79.990	19.999	100.336	19.860	12.166	1.004
218.000	273.265	79.999	19.997	100.332	19.860	12.153	0.992
218.500	273.791	79.996	19.998	100.331	19.856	12.407	0.998
219.000	274.261	79.996	19.995	100.332	19.855	12.466	1.004
219.500	274.797	79.995	19.996	100.335	19.853	12.555	1.001
220.000	275.273	79.997	19.995	100.341	19.850	12.748	1.009
220.500	275.758	79.993	20.000	100.345	19.850	12.786	0.986
221.000	276.255	79.997	19.997	100.345	19.846	13.019	0.971
221.500	276.759	79.995	19.996	100.350	19.846	13.014	0.991
222.000	277.305	79.997	19.996	100.355	19.840	13.331	1.025
222.500	277.783	79.996	19.996	100.354	19.839	13.399	1.037
223.000	278.257	80.000	19.995	100.353	19.839	13.392	0.988
223.500	278.733	79.995	20.001	100.355	19.836	13.562	0.951
224.000	279.253	79.999	19.994	100.353	19.833	13.776	0.973
224.500	279.744	79.997	19.995	100.353	19.830	13.937	1.004
225.000	280.231	79.996	19.997	100.354	19.827	14.104	0.995
225.500	280.729	79.998	19.997	100.354	19.828	14.053	0.981
226.000	281.225	80.003	19.995	100.353	19.821	14.432	0.990
226.500	281.699	79.994	19.998	100.353	19.818	14.619	0.982
227.000	282.203	79.996	19.995	100.348	19.816	14.753	0.974
227.500	282.715	79.999	19.996	100.346	19.816	14.773	0.997
228.000	283.206	79.995	20.000	100.346	19.808	15.192	1.010
228.500	283.737	79.994	19.993	100.343	19.805	15.375	1.012
229.000	284.195	79.991	19.998	100.339	19.803	15.515	1.005
229.500	284.678	80.002	19.994	100.342	19.797	15.839	0.965
230.000	285.206	79.996	19.995	100.344	19.798	15.812	0.976
230.500	285.675	79.998	20.000	100.345	19.799	15.765	1.004
231.000	286.158	80.000	19.994	100.348	19.789	16.358	0.974
231.500	286.641	79.999	19.994	100.354	19.787	16.443	0.959
232.000	287.165	80.001	19.992	100.357	19.783	16.668	0.986
232.500	287.640	79.997	19.995	100.358	19.782	16.746	1.003
233.000	288.137	79.999	19.996	100.358	19.778	16.956	0.986
233.500	288.668	79.995	19.996	100.364	19.775	17.151	1.000
234.000	289.131	79.999	19.993	100.372	19.773	17.302	1.011
234.500	289.623	79.996	20.000	100.376	19.767	17.608	0.975
235.000	290.136	80.000	19.993	100.374	19.766	17.663	0.980
235.500	290.637	80.002	19.995	100.374	19.759	18.094	1.009
236.000	291.139	79.998	19.993	100.371	19.757	18.220	1.008
236.500	291.599	80.001	19.994	100.367	19.754	18.386	0.982
237.000	292.134	79.999	19.996	100.367	19.753	18.452	0.978
237.500	292.612	79.997	19.994	100.369	19.746	18.865	1.004
238.000	293.103	79.999	19.994	100.373	19.740	19.223	0.991
238.500	293.568	79.992	19.999	100.376	19.736	19.418	0.962
239.000	294.080	79.999	19.994	100.375	19.737	19.411	0.966
239.500	294.544	79.999	19.995	100.377	19.731	19.735	0.976
240.000	295.043	79.997	19.994	100.383	19.725	20.065	0.970
240.500	295.547	79.996	19.996	100.386	19.719	20.419	0.983
241.000	296.021	79.998	19.996	100.389	19.718	20.521	0.991
241.500	296.531	79.997	19.996	100.393	19.713	20.768	0.981
242.000	297.019	79.994	19.997	100.394	19.710	20.962	0.991
242.500	297.497	79.997	19.994	100.394	19.702	21.467	0.983
243.000	297.967	79.995	19.995	100.394	19.701	21.508	0.957
243.500	298.474	79.996	19.995	100.395	19.694	21.925	0.962
244.000	298.960	79.995	19.995	100.396	19.688	22.262	0.985
244.500	299.501	79.991	20.000	100.398	19.689	22.222	1.010
245.000	299.955	79.997	19.996	100.402	19.679	22.777	1.011
245.500	300.417	79.996	19.996	100.409	19.673	23.141	0.955
246.000	300.965	79.995	19.995	100.416	19.668	23.426	0.963
246.500	301.447	79.996	19.997	100.419	19.665	23.643	1.020
247.000	301.944	79.996	19.996	100.417	19.658	24.033	1.005
247.500	302.424	79.994	19.997	100.414	19.653	24.322	0.977
248.000	302.928	79.996	19.996	100.413	19.647	24.650	0.980
248.500	303.422	79.996	19.996	100.414	19.642	24.953	0.991
249.000	303.915	79.997	19.995	100.419	19.636	25.314	0.993
249.500	304.387	79.997	19.995	100.427	19.628	25.813	0.976
250.000	304.892	79.996	19.996	100.434	19.623	26.096	0.971
250.500	305.381	79.997	19.993	100.435	19.618	26.405	0.985
251.000	305.909	79.994	19.997	100.436	19.614	26.626	1.006
251.500	306.361	79.993	19.998	100.436	19.603	27.268	0.999
252.000	306.899	79.995	19.998	100.441	19.600	27.434	0.984
252.500	307.397	79.992	19.996	100.442	19.590	27.995	1.013
253.000	307.888	79.997	19.996	100.447	19.587	28.174	1.013
253.500	308.372	79.996	19.995	100.453	19.581	28.568	0.982
254.000	308.837	79.995	19.999	100.459	19.572	29.097	0.962
254.500	309.330	79.997	19.995	100.459	19.567	29.348	0.953
255.000	309.825	79.997	19.995	100.464	19.559	29.855	0.973
255.500	310.295	79.994	19.998	100.467	19.549	30.462	0.977
256.000	310.857	79.997	19.995	100.468	19.541	30.888	0.998
256.500	311.345	79.994	19.996	100.470	19.536	31.232	1.041
257.000	311.862	79.996	19.995	100.475	19.526	31.784	1.027
257.500	312.342	79.994	19.998	100.480	19.520	32.161	1.001
258.000	312.840	79.994	19.993	100.484	19.510	32.743	0.988
258.500	313.340	79.995	19.999	100.489	19.504	33.111	0.988
259.000	313.835	79.996	19.996	100.493	19.495	33.603	0.997
259.500	314.363	79.995	19.995	100.496	19.486	34.134	1.009
260.000	314.832	79.995	19.996	100.501	19.477	34.655	1.010
260.500	315.334	79.995	19.996	100.504	19.470	35.065	0.984
261.000	315.798	79.998	19.996	100.508	19.459	35.718	0.968
261.500	316.356	79.996	19.995	100.517	19.450	36.259	0.994
262.000	316.807	79.998	19.995	100.521	19.440	36.881	1.015
262.500	317.345	79.995	19.996	100.522	19.428	37.550	0.999
263.000	317.790	79.998	19.995	100.523	19.421	37.991	0.986
263.500	318.339	79.996	19.995	100.524	19.410	38.605	0.989
264.000	318.788	79.995	19.997	100.525	19.400	39.238	0.996
264.500	319.328	79.996	19.996	100.530	19.389	39.841	0.994
265.000	319.809	79.995	19.996	100.538	19.380	40.409	1.005
265.500	320.281	79.995	19.995	100.545	19.372	40.900	0.987
266.000	320.780	79.995	19.995	100.552	19.358	41.691	0.962
266.500	321.296	79.996	19.995	100.561	19.347	42.323	0.993
267.000	321.791	79.996	19.995	100.569	19.337	42.931	1.013
267.500	322.270	79.997	19.994	100.576	19.327	43.523	0.993
268.000	322.794	79.996	19.996	100.583	19.310	44.544	0.988
268.500	323.290	79.996	19.995	100.591	19.301	45.066	1.011
269.000	323.792	79.997	19.996	100.593	19.289	45.800	1.008
269.500	324.256	79.997	19.996	100.595	19.275	46.586	0.982
270.000	324.753	79.993	19.996	100.598	19.262	47.381	0.964
270.500	325.228	79.997	19.995	100.604	19.250	48.102	0.967
271.000	325.757	79.996	19.995	100.612	19.233	49.079	0.988
271.500	326.239	79.996	19.995	100.620	19.217	50.028	1.007
272.000	326.737	79.996	19.996	100.627	19.199	51.106	0.995
272.500	327.229	79.995	19.994	100.633	19.187	51.824	0.985
273.000	327.739	79.995	19.994	100.638	19.173	52.638	0.996
273.500	328.251	79.994	19.995	100.646	19.157	53.562	1.012
274.000	328.714	79.994	19.997	100.654	19.143	54.427	0.999
274.500	329.198	79.996	19.996	100.662	19.129	55.249	0.961
275.000	329.747	79.996	19.996	100.670	19.110	56.357	0.990
275.500	330.239	79.995	19.997	100.677	19.090	57.569	1.037
276.000	330.768	79.994	19.996	100.686	19.073	58.552	1.031
276.501	331.246	79.992	19.995	100.695	19.058	59.436	1.014
277.000	331.728	79.995	19.996	100.704	19.038	60.638	0.984
277.500	332.212	79.993	19.996	100.712	19.018	61.797	0.963
278.000	332.732	79.993	19.997	100.721	19.002	62.778	0.985
278.500	333.218	79.995	19.995	100.726	18.983	63.916	1.005
279.000	333.711	79.995	19.996	100.735	18.962	65.142	0.993
279.500	334.259	79.995	19.996	100.746	18.939	66.484	1.010
280.000	334.757	79.995	19.995	100.757	18.923	67.461	1.044
280.500	335.211	79.996	19.997	100.768	18.899	68.871	0.999
281.000	335.715	79.996	19.995	100.779	18.876	70.220	0.955
281.500	336.179	79.995	19.997	100.784	18.854	71.577	0.962
282.000	336.729	79.995	19.997	100.787	18.831	72.920	0.991
282.500	337.216	79.996	19.996	100.797	18.809	74.248	1.026
283.000	337.717	79.996	19.997	100.805	18.783	75.753	1.013
283.500	338.258	79.995	19.996	100.817	18.758	77.272	1.015
284.000	338.720	79.998	19.995	100.833	18.734	78.703	1.022
284.500	339.188	79.996	19.997	100.849	18.709	80.181	0.966
285.000	339.682	79.997	19.996	100.864	18.683	81.713	0.946
285.500	340.203	79.996	19.997	100.880	18.653	83.519	0.989
286.000	340.677	79.998	19.997	100.891	18.628	84.996	1.005
286.500	341.181	79.996	19.994	100.901	18.596	86.899	0.986
287.000	341.724	79.998	19.996	100.913	18.567	88.593	1.013
287.500	342.190	79.996	19.997	100.923	18.539	90.287	1.028
288.000	342.671	79.998	19.995	100.935	18.508	92.142	0.978
288.500	343.188	79.995	19.996	100.950	18.474	94.128	0.972
289.000	343.660	79.997	19.997	100.963	18.441	96.099	0.994
289.500	344.139	79.998	19.995	100.975	18.406	98.168	0.970
290.000	344.643	79.995	19.996	100.990	18.375	100.038	0.967
290.501	345.127	79.996	19.996	101.001	18.339	102.202	0.985
291.000	345.630	79.995	19.995	101.015	18.306	104.158	0.988
291.500	346.142	79.995	19.996	101.030	18.272	106.182	1.001
292.000	346.639	79.997	19.996	101.044	18.234	108.450	1.012
292.500	347.151	79.997	19.995	101.059	18.197	110.628	1.009
293.000	347.629	79.996	19.996	101.075	18.162	112.690	0.999
293.500	348.135	79.998	19.995	101.087	18.123	115.013	0.987
294.000	348.613	79.997	19.996	101.103	18.086	117.261	0.984
294.500	349.120	79.996	19.996	101.119	18.047	119.546	0.984
295.000	349.633	79.996	19.997	101.129	18.007	121.935	1.003
295.500	350.137	79.996	19.995	101.145	17.965	124.460	1.018
296.000	350.600	79.995	19.996	101.162	17.926	126.743	0.991
296.500	351.094	79.996	19.999	101.180	17.879	129.560	0.962
297.000	351.612	79.996	19.997	101.201	17.833	132.251	0.985
297.500	352.124	79.996	19.996	101.222	17.792	134.747	1.021
298.000	352.632	79.996	19.996	101.238	17.753	137.056	1.025
298.500	353.123	79.996	19.997	101.251	17.709	139.615	1.009
299.000	353.650	79.995	19.996	101.263	17.664	142.343	1.008
299.500	354.161	79.995	19.997	101.273	17.621	144.879	1.028
300.000	354.623	79.995	19.996	101.286	17.575	147.591	1.005
300.500	355.142	79.994	19.997	101.302	17.531	150.230	0.977
301.000	355.642	79.996	19.996	101.321	17.487	152.818	1.000
301.500	356.141	79.996	19.997	101.336	17.439	155.693	1.009
302.000	356.630	79.995	19.997	101.351	17.391	158.528	0.994
302.500	357.130	79.995	19.997	101.362	17.347	161.130	0.989
303.000	357.640	79.995	19.997	101.373	17.299	163.989	1.000
303.500	358.098	79.996	19.997	101.384	17.253	166.707	0.989
304.000	358.604	79.994	19.997	101.397	17.202	169.688	0.966
304.500	359.109	79.994	19.997	101.411	17.159	172.218	0.988
305.000	359.612	79.996	19.997	101.426	17.110	175.127	1.009
305.500	360.083	79.995	19.996	101.439	17.061	178.018	0.991
306.000	360.612	79.996	19.997	101.449	17.017	180.624	0.987
306.500	361.089	79.995	19.995	101.460	16.969	183.409	1.003
307.000	361.611	79.995	19.997	101.470	16.923	186.134	1.002
307.500	362.097	79.998	19.996	101.478	16.879	188.736	1.004
308.000	362.551	79.996	19.997	101.486	16.833	191.381	0.975
308.500	363.064	79.996	19.997	101.497	16.787	194.114	0.954
309.000	363.593	79.997	19.997	101.504	16.742	196.748	1.004
309.500	364.054	79.996	19.996	101.507	16.697	199.357	1.016
310.000	364.559	79.997	19.997	101.512	16.657	201.743	0.978
310.500	365.018	79.997	19.996	101.518	16.617	204.031	0.964
311.000	365.527	79.997	19.997	101.521	16.574	206.534	0.966
311.500	365.992	79.996	19.996	101.522	16.535	208.754	0.971
312.000	366.538	79.999	19.996	101.528	16.497	211.000	0.993
312.500	367.028	79.999	19.996	101.536	16.458	213.201	1.024
313.000	367.552	79.996	19.996	101.537	16.424	215.189	1.025
313.500	368.048	79.997	19.996	101.537	16.392	217.062	1.017
314.000	368.526	79.998	19.997	101.538	16.356	219.118	0.997
314.500	369.017	79.998	19.996	101.535	16.326	220.779	0.972
315.000	369.523	79.998	19.996	101.528	16.297	222.426	0.983
315.500	370.005	79.997	19.997	101.529	16.269	223.995	0.993
316.001	370.517	79.997	19.997	101.516	16.242	225.532	0.991
316.500	371.002	79.997	19.995	101.522	16.220	226.759	0.996
317.000	371.515	79.999	19.996	101.503	16.197	228.033	0.998
317.500	372.033	79.997	19.995	101.501	16.180	228.979	1.014
318.000	372.552	79.999	19.995	101.481	16.161	229.986	1.034
318.500	373.054	79.998	19.995	101.478	16.144	230.919	1.029
319.000	373.544	79.998	19.995	101.458	16.134	231.462	1.006
319.500	374.074	79.998	19.994	101.448	16.126	231.823	1.006
320.000	374.548	79.997	19.995	101.439	16.118	232.223	1.012
320.500	375.068	79.997	19.995	101.416	16.113	232.436	0.999
321.000	375.518	79.997	19.995	101.409	16.112	232.454	0.982
321.500	376.049	79.996	19.995	101.373	16.115	232.167	0.975
322.000	376.558	79.996	19.996	101.362	16.121	231.735	1.010
322.500	377.032	79.995	19.996	101.329	16.130	231.118	1.011
323.000	377.572	79.997	19.995	101.316	16.139	230.509	0.999
323.500	378.066	79.995	19.996	101.281	16.157	229.345	1.024
324.000	378.577	79.996	19.996	101.270	16.175	228.197	1.020
324.500	379.067	79.996	19.996	101.241	16.195	226.893	1.003
325.000	379.593	79.996	19.996	101.210	16.222	225.203	1.008
325.500	380.100	79.996	19.995	101.181	16.250	223.453	1.025
326.000	380.586	79.996	19.996	101.150	16.282	221.514	1.013
326.500	381.104	79.995	19.996	101.115	16.319	219.298	0.999
327.000	381.595	79.995	19.996	101.083	16.361	216.812	1.007
327.500	382.112	79.995	19.995	101.050	16.405	214.188	1.008
328.000	382.598	79.995	19.995	101.015	16.450	211.481	1.006
328.500	383.119	79.996	19.995	100.981	16.502	208.456	1.005
329.000	383.662	79.995	19.995	100.945	16.558	205.124	1.036
329.500	384.145	79.994	19.996	100.913	16.616	201.705	1.045
330.000	384.675	79.995	19.995	100.882	16.677	198.118	1.020
330.500	385.154	79.995	19.996	100.850	16.743	194.285	1.011
331.000	385.633	79.996	19.996	100.818	16.812	190.226	0.983
331.500	386.165	79.994	19.995	100.785	16.878	186.358	0.984
332.000	386.685	79.995	19.995	100.749	16.955	181.870	1.031
332.500	387.203	79.994	19.995	100.713	17.030	177.472	1.045
333.000	387.688	79.995	19.995	100.680	17.108	172.944	1.021
333.500	388.244	79.995	19.997	100.646	17.189	168.240	1.022
334.000	388.713	79.995	19.996	100.610	17.271	163.431	1.033
334.500	389.254	79.993	19.995	100.567	17.359	158.318	1.018
335.000	389.773	79.995	19.995	100.515	17.442	153.449	1.035
335.500	390.266	79.995	19.995	100.461	17.527	148.512	1.036
336.000	390.791	79.995	19.995	100.411	17.614	143.380	1.015
336.500	391.311	79.995	19.996	100.365	17.702	138.276	1.032
337.000	391.839	79.992	19.995	100.330	17.790	133.118	1.046
337.500	392.363	79.995	19.996	100.302	17.880	127.898	1.050
338.000	392.869	79.995	19.997	100.280	17.969	122.696	1.041
338.500	393.420	79.996	19.995	100.261	18.058	117.501	1.044
339.000	393.954	79.993	19.995	100.241	18.141	112.631	1.071
339.500	394.439	79.993	19.996	100.226	18.226	107.650	1.052
340.000	394.980	79.994	19.996	100.216	18.311	102.730	1.022
340.500	395.528	79.995	19.995	100.207	18.393	97.899	1.057
341.000	396.037	79.995	19.997	100.193	18.477	93.024	1.073
341.500	396.568	79.995	19.996	100.185	18.555	88.440	1.049
342.000	397.067	79.995	19.997	100.178	18.634	83.809	1.035
342.500	397.616	79.994	19.996	100.173	18.709	79.435	1.039
343.000	398.125	79.994	19.994	100.174	18.779	75.321	1.053
343.500	398.647	79.995	19.995	100.180	18.850	71.219	1.044
344.000	399.180	79.996	19.995	100.188	18.916	67.316	1.043
344.500	399.714	79.995	19.997	100.194	18.980	63.619	1.061
345.000	400.228	79.995	19.996	100.200	19.041	60.037	1.058
345.500	400.736	79.994	19.995	100.202	19.100	56.547	1.035
346.001	401.242	79.995	19.996	100.203	19.155	53.340	1.018
346.500	401.775	79.995	19.995	100.203	19.206	50.371	1.026
347.000	402.302	79.995	19.996	100.206	19.255	47.502	1.049
347.500	402.846	79.996	19.994	100.212	19.304	44.601	1.065
348.000	403.374	79.996	19.996	100.217	19.347	42.115	1.071
348.500	403.894	79.996	19.996	100.225	19.389	39.659	1.060
349.000	404.397	79.996	19.995	100.233	19.429	37.360	1.036
349.500	404.932	79.997	19.994	100.238	19.464	35.319	1.031
350.000	405.459	79.996	19.995	100.238	19.500	33.236	1.050
350.500	405.987	79.996	19.995	100.238	19.527	31.620	1.058
351.000	406.501	79.996	19.996	100.236	19.558	29.843	1.049
351.500	406.993	79.996	19.996	100.233	19.589	27.982	1.024
352.001	407.523	79.996	19.996	100.230	19.618	26.300	1.014
352.500	408.033	79.998	19.995	100.228	19.636	25.253	1.031
353.000	408.563	79.996	19.995	100.228	19.660	23.858	1.040
353.500	409.138	79.995	19.995	100.228	19.683	22.520	1.072
354.000	409.594	79.996	19.994	100.231	19.701	21.463	1.068
354.500	410.121	79.996	19.996	100.229	19.715	20.645	1.007
355.000	410.636	79.996	19.995	100.227	19.731	19.686	1.013
355.500	411.176	79.996	19.995	100.221	19.748	18.693	1.049
356.000	411.664	79.996	19.995	100.217	19.763	17.827	1.041
356.500	412.186	79.996	19.996	100.209	19.774	17.200	1.019
357.000	412.692	79.996	19.995	100.191	19.784	16.612	1.019
357.500	413.229	79.996	19.994	100.152	19.793	16.067	1.036
358.000	413.716	79.995	19.995	100.136	19.804	15.404	1.034
358.500	414.204	79.995	19.996	100.127	19.816	14.716	0.999
359.000	414.743	79.995	19.995	100.124	19.821	14.411	1.001
359.500	415.257	79.997	19.995	100.145	19.833	13.741	1.040
360.000	415.751	79.997	19.996	100.221	19.838	13.456	1.031
360.500	416.268	79.995	19.995	100.256	19.846	12.985	1.010
361.000	416.794	79.996	19.995	100.268	19.851	12.682	1.027
361.500	417.290	79.996	19.996	100.272	19.857	12.310	1.032
362.000	417.783	79.995	19.995	100.267	19.863	11.992	1.006
362.500	418.330	79.996	19.996	100.226	19.864	11.914	1.015
363.000	418.788	79.998	19.996	100.208	19.868	11.707	1.023
363.500	419.316	79.996	19.997	100.202	19.872	11.432	0.995
364.000	419.877	79.996	19.996	100.197	19.876	11.220	1.037
364.500	420.381	79.997	19.996	100.197	19.877	11.147	1.077
365.000	420.892	79.997	19.996	100.196	19.881	10.916	1.040
365.500	421.348	79.996	19.996	100.196	19.879	11.061	0.991
366.000	421.935	79.997	19.996	100.197	19.888	10.543	1.005
366.500	422.439	79.997	19.996	100.200	19.886	10.642	1.067
367.000	422.936	79.996	19.995	100.200	19.888	10.494	1.046
367.500	423.481	79.997	19.996	100.200	19.884	10.761	1.021
368.000	423.955	79.996	19.996	100.200	19.890	10.397	1.031
368.500	424.469	79.998	19.996	100.200	19.903	9.652	1.004
369.000	424.959	79.997	19.996	100.198	19.900	9.792	0.996
369.500	425.476	79.997	19.996	100.196	19.886	10.632	1.005
370.000	426.058	79.998	19.996	100.196	19.892	10.299	1.052
370.500	426.544	79.998	19.996	100.195	19.902	9.691	1.083
371.000	427.042	79.998	19.997	100.196	19.903	9.622	1.026
371.500	427.553	79.997	19.996	100.197	19.899	9.857	0.997
372.000	428.073	79.999	19.996	100.198	19.903	9.616	1.020
372.500	428.609	79.998	19.996	100.194	19.906	9.443	1.044
373.000	429.093	79.997	19.997	100.193	19.903	9.653	1.037
373.500	429.563	79.997	19.997	100.192	19.908	9.341	0.987
374.000	430.162	79.996	19.996	100.190	19.906	9.446	1.012
374.500	430.586	79.997	19.996	100.190	19.912	9.138	1.046
375.000	431.153	79.997	19.997	100.189	19.908	9.354	1.007
375.500	431.585	79.996	19.996	100.190	19.911	9.155	0.995
376.000	432.198	79.998	19.995	100.191	19.906	9.492	1.022
376.500	432.654	79.998	19.996	100.192	19.910	9.214	1.057
377.000	433.196	79.998	19.996	100.192	19.910	9.252	1.033
377.500	433.571	79.998	19.996	100.195	19.912	9.093	0.957
378.000	434.307	79.998	19.996	100.194	19.910	9.258	1.014
378.500	434.573	79.997	19.997	100.192	19.910	9.214	1.056
379.000	435.208	79.999	19.996	100.194	19.911	9.144	0.952
379.500	435.726	79.996	19.996	100.193	19.913	9.070	1.027
380.001	436.250	79.997	19.996	100.193	19.913	9.084	1.098
380.500	436.658	79.998	19.995	100.192	19.911	9.172	0.987
381.000	437.069	79.996	19.995	100.186	19.914	9.000	0.875
381.500	437.596	79.998	19.996	100.181	19.913	9.062	0.879
382.000	438.510	79.997	19.996	100.183	19.912	9.116	1.190
382.500	439.185	79.997	19.997	100.179	19.912	9.092	1.515
383.000	439.665	79.995	19.997	100.181	19.914	8.979	1.372
383.500	439.785	79.996	19.995	100.188	19.911	9.196	0.877
384.000	439.982	79.997	19.996	100.190	19.917	8.817	0.458
384.500	440.830	79.997	19.996	100.190	19.914	8.979	0.681
385.000	441.207	79.996	19.996	100.190	19.917	8.841	1.135
385.500	441.759	79.996	19.997	100.187	19.917	8.847	1.077
386.000	442.462	79.997	19.996	100.184	19.916	8.880	1.092
386.500	442.737	79.995	19.997	100.185	19.914	9.013	1.116
387.000	443.168	79.997	19.997	100.180	19.917	8.837	0.842
387.500	443.899	79.996	19.996	100.184	19.914	8.997	0.934
388.000	444.168	79.995	19.996	100.186	19.916	8.878	1.081
388.500	444.754	79.995	19.996	100.186	19.917	8.833	0.927
389.000	445.325	79.997	19.997	100.184	19.916	8.904	1.006
389.500	445.805	79.996	19.996	100.188	19.915	8.962	1.104
390.000	446.260	79.997	19.996	100.188	19.916	8.889	0.993
390.500	446.790	79.996	19.996	100.192	19.920	8.628	0.960
391.000	447.207	79.999	19.996	100.195	19.919	8.729	0.966
391.500	447.827	79.997	19.996	100.197	19.920	8.646	0.992
392.000	448.291	79.998	19.996	100.199	19.919	8.683	1.061
392.500	448.820	79.998	19.997	100.197	19.920	8.637	1.039
393.001	449.262	79.998	19.996	100.196	19.922	8.550	0.982
393.500	449.785	79.998	19.997	100.194	19.921	8.591	0.968
394.000	450.334	79.996	19.996	100.191	19.918	8.765	1.019
394.500	450.752	79.996	19.997	100.185	19.916	8.900	1.020
395.000	451.316	79.997	19.996	100.182	19.920	8.618	0.974
395.500	451.773	79.997	19.996	100.179	19.919	8.672	1.001
396.000	452.262	79.997	19.996	100.178	19.918	8.745	0.984
396.500	452.803	79.998	19.996	100.176	19.923	8.484	0.988
397.000	453.261	79.997	19.996	100.177	19.918	8.798	1.015
397.500	453.767	79.998	19.997	100.179	19.919	8.688	0.982
398.000	454.308	79.997	19.996	100.183	19.917	8.811	1.006
398.501	454.778	79.997	19.997	100.185	19.919	8.703	1.029
399.000	455.278	79.997	19.996	100.190	19.921	8.599	0.991
399.500	455.806	79.999	19.997	100.193	19.923	8.489	0.999
400.000	456.293	79.997	19.996	100.192	19.917	8.848	1.021
400.500	456.775	79.995	19.997	100.185	19.920	8.635	0.992
401.000	457.276	79.997	19.995	100.183	19.923	8.489	0.976
401.500	457.767	79.996	19.995	100.177	19.920	8.618	0.987
402.000	458.313	79.996	19.997	100.173	19.922	8.525	1.014
402.500	458.779	79.995	19.997	100.171	19.919	8.697	1.024
403.000	459.307	79.996	19.995	100.173	19.920	8.643	1.003
403.500	459.774	79.996	19.995	100.173	19.919	8.703	0.995
404.000	460.276	79.995	19.996	100.178	19.920	8.641	0.982
404.500	460.781	79.997	19.997	100.163	19.917	8.803	0.988
405.000	461.336	79.995	19.995	100.128	19.922	8.530	1.034
405.500	461.778	79.995	19.995	100.108	19.918	8.774	1.029
406.000	462.244	79.994	19.995	100.101	19.921	8.593	0.953
406.500	462.816	79.994	19.995	100.097	19.923	8.458	0.973
407.000	463.257	79.996	19.996	100.123	19.921	8.580	1.026
407.500	463.760	79.995	19.995	100.211	19.923	8.494	0.979
408.000	464.226	79.995	19.996	100.252	19.922	8.501	0.956
408.500	464.737	79.995	19.995	100.264	19.924	8.407	0.972
409.000	465.219	79.996	19.995	100.269	19.926	8.310	0.984
409.500	465.720	79.995	19.995	100.263	19.922	8.539	0.988
410.000	466.240	79.995	19.995	100.215	19.925	8.366	1.002
410.500	466.746	79.995	19.996	100.194	19.925	8.360	1.024
411.000	467.251	79.995	19.995	100.189	19.927	8.260	1.019
411.500	467.728	79.995	19.996	100.185	19.924	8.431	0.997
412.000	468.189	79.997	19.994	100.178	19.924	8.399	0.960
412.500	468.719	79.995	19.995	100.175	19.926	8.288	0.964
413.000	469.240	79.995	19.995	100.172	19.928	8.194	1.021
413.500	469.741	79.995	19.995	100.168	19.928	8.152	1.036
414.000	470.182	79.994	19.995	100.167	19.930	8.055	0.982
414.500	470.723	79.994	19.995	100.168	19.928	8.152	0.962
415.000	471.198	79.995	19.995	100.165	19.927	8.226	0.999
415.500	471.700	79.996	19.995	100.166	19.925	8.344	0.997
416.000	472.190	79.996	19.996	100.168	19.929	8.146	0.985
416.500	472.698	79.995	19.995	100.175	19.926	8.275	0.995
417.000	473.202	79.995	19.995	100.176	19.928	8.156	1.005
417.500	473.681	79.995	19.995	100.180	19.929	8.146	0.997
418.000	474.213	79.994	19.996	100.181	19.930	8.054	0.997
418.500	474.692	79.995	19.995	100.178	19.927	8.250	1.011
419.000	475.252	79.994	19.995	100.172	19.931	8.003	1.025
419.500	475.755	79.995	19.996	100.168	19.930	8.054	1.051
420.000	476.233	79.995	19.995	100.166	19.927	8.220	1.022
420.500	476.698	79.995	19.996	100.165	19.930	8.083	0.962
421.000	477.212	79.995	19.995	100.167	19.930	8.082	0.961
421.500	477.706	79.995	19.996	100.168	19.930	8.060	0.994
422.000	478.216	79.996	19.996	100.169	19.926	8.281	1.006
422.500	478.732	79.996	19.996	100.168	19.930	8.081	1.014
423.000	479.233	79.996	19.996	100.167	19.930	8.041	1.021
423.500	479.725	79.995	19.995	100.169	19.931	8.029	1.005
424.001	480.204	79.995	19.996	100.171	19.931	7.997	0.983
424.500	480.714	79.997	19.995	100.175	19.931	7.979	0.980
425.000	481.204	79.995	19.996	100.177	19.932	7.950	0.994
425.500	481.733	79.996	19.995	100.177	19.933	7.893	1.009
426.000	482.232	79.996	19.995	100.174	19.934	7.855	1.024
426.500	482.716	79.995	19.995	100.172	19.928	8.183	1.006
427.000	483.233	79.995	19.996	100.166	19.932	7.938	0.992
427.500	483.748	79.997	19.996	100.165	19.934	7.825	1.016
428.000	484.242	79.998	19.996	100.164	19.933	7.882	1.020
428.500	484.766	79.996	19.997	100.164	19.937	7.674	1.014
429.000	485.214	79.997	19.995	100.165	19.936	7.696	0.995
429.500	485.713	79.995	19.995	100.167	19.937	7.647	0.960
430.001	486.244	79.997	19.995	100.166	19.939	7.517	0.989
430.500	486.738	79.996	19.995	100.167	19.938	7.609	1.028
431.000	487.249	79.997	19.994	100.168	19.939	7.517	1.015
431.500	487.775	79.996	19.996	100.165	19.940	7.467	1.021
432.000	488.201	79.996	19.996	100.163	19.941	7.415	0.995
432.500	488.758	79.996	19.996	100.163	19.940	7.506	0.968
433.000	489.248	79.996	19.996	100.165	19.940	7.448	1.015
433.500	489.773	79.996	19.996	100.164	19.940	7.453	1.031
434.000	490.254	79.996	19.995	100.164	19.940	7.506	1.010
434.500	490.771	79.995	19.996	100.165	19.939	7.534	1.002
435.000	491.274	79.994	19.995	100.164	19.940	7.458	1.009
435.500	491.757	79.995	19.996	100.162	19.941	7.421	1.003
436.000	492.277	79.996	19.996	100.162	19.940	7.459	0.995
436.500	492.773	79.996	19.995	100.162	19.941	7.445	1.010
437.000	493.263	79.994	19.995	100.161	19.941	7.427	1.001
437.500	493.788	79.995	19.994	100.161	19.941	7.440	1.001
438.000	494.301	79.994	19.995	100.161	19.941	7.408	1.026
438.500	494.830	79.994	19.997	100.161	19.942	7.337	1.039
439.000	495.308	79.995	19.996	100.163	19.939	7.559	1.025
439.500	495.813	79.996	19.996	100.165	19.940	7.453	0.995
440.000	496.315	79.995	19.995	100.167	19.940	7.448	0.995
440.500	496.799	79.994	19.996	100.168	19.939	7.517	0.996
441.000	497.324	79.995	19.995	100.168	19.939	7.509	0.997
441.500	497.816	79.995	19.996	100.171	19.945	7.189	1.013
442.000	498.315	79.996	19.995	100.171	19.941	7.439	1.004
442.500	498.892	79.995	19.996	100.169	19.942	7.342	1.034
443.000	499.339	79.995	19.995	100.168	19.944	7.216	1.050
443.501	499.862	79.997	19.996	100.170	19.942	7.337	0.997
444.000	500.356	79.996	19.996	100.166	19.943	7.322	0.994
444.500	500.891	79.996	19.996	100.166	19.944	7.216	1.023
445.000	501.398	79.995	19.996	100.169	19.942	7.352	1.036
445.500	501.925	79.996	19.995	100.170	19.944	7.233	1.038
446.000	502.440	79.996	19.996	100.169	19.945	7.200	1.038
446.500	502.939	79.997	19.995	100.169	19.946	7.131	1.028
447.000	503.437	79.997	19.995	100.168	19.944	7.216	1.006
447.500	503.925	79.996	19.996	100.164	19.946	7.100	0.991
448.000	504.423	79.997	19.994	100.164	19.946	7.149	0.986
448.500	504.948	79.997	19.996	100.163	19.946	7.120	1.004
449.000	505.438	79.997	19.996	100.163	19.942	7.338	1.019
449.500	505.973	79.996	19.995	100.165	19.947	7.052	1.020
450.000	506.443	79.996	19.995	100.165	19.946	7.109	1.015
450.500	506.900	79.997	19.995	100.166	19.946	7.103	0.966
451.000	507.436	79.997	19.995	100.167	19.951	6.842	0.960
451.500	507.933	79.997	19.995	100.166	19.950	6.866	1.013
452.000	508.449	79.997	19.995	100.165	19.952	6.778	1.023
452.500	509.018	79.995	19.996	100.167	19.949	6.937	1.049
453.001	509.487	79.995	19.995	100.167	19.948	6.992	1.061
453.501	509.992	79.996	19.995	100.166	19.951	6.813	1.006
454.000	510.484	79.996	19.995	100.166	19.948	6.988	0.986
454.500	510.990	79.996	19.994	100.166	19.948	7.017	0.998
455.000	511.496	79.996	19.995	100.163	19.953	6.704	1.005
455.500	511.972	79.995	19.996	100.163	19.952	6.760	0.997
456.000	512.454	79.997	19.997	100.162	19.951	6.814	0.970
456.500	512.993	79.996	19.996	100.162	19.950	6.906	0.990
457.000	513.504	79.995	19.996	100.164	19.951	6.823	1.036
457.500	514.009	79.997	19.996	100.164	19.949	6.928	1.033
458.000	514.543	79.996	19.995	100.164	19.950	6.883	1.028
458.500	515.108	79.996	19.995	100.164	19.950	6.868	1.069
459.000	515.599	79.995	19.996	100.164	19.951	6.818	1.077
459.500	516.108	79.995	19.995	100.162	19.952	6.761	1.028
460.001	516.612	79.995	19.996	100.162	19.948	7.004	1.007
460.500	517.107	79.996	19.995	100.163	19.952	6.804	1.006
461.000	517.653	79.995	19.996	100.162	19.952	6.769	1.020
461.500	518.161	79.995	19.996	100.163	19.955	6.623	1.047
462.000	518.645	79.995	19.995	100.164	19.955	6.572	1.023
462.500	519.139	79.995	19.997	100.164	19.954	6.656	0.985
463.000	519.670	79.996	19.996	100.164	19.952	6.762	1.002
463.500	520.176	79.996	19.995	100.164	19.956	6.516	1.032
464.000	520.680	79.996	19.996	100.164	19.957	6.510	1.024
464.500	521.209	79.995	19.995	100.164	19.955	6.626	1.021
465.000	521.738	79.996	19.997	100.166	19.954	6.677	1.045
465.500	522.247	79.996	19.997	100.168	19.953	6.705	1.048
466.000	522.746	79.996	19.995	100.169	19.958	6.409	1.023
466.500	523.247	79.994	19.995	100.169	19.954	6.651	1.004
467.000	523.770	79.995	19.995	100.168	19.956	6.530	1.012
467.500	524.270	79.995	19.997	100.167	19.956	6.551	1.024
468.000	524.791	79.996	19.995	100.165	19.958	6.397	1.023
468.500	525.337	79.996	19.995	100.164	19.957	6.506	1.044
469.001	525.810	79.995	19.996	100.164	19.957	6.495	1.042
469.500	526.332	79.995	19.996	100.165	19.956	6.514	1.007
470.000	526.837	79.997	19.996	100.164	19.958	6.417	1.011
470.501	527.353	79.998	19.996	100.164	19.955	6.600	1.024
471.000	527.870	79.996	19.996	100.165	19.960	6.322	1.027
471.500	528.369	79.997	19.995	100.165	19.961	6.261	1.025
472.000	528.887	79.995	19.995	100.165	19.961	6.260	1.017
472.500	529.392	79.997	19.995	100.164	19.961	6.250	1.020
473.001	529.939	79.998	19.995	100.163	19.959	6.357	1.037
473.501	530.438	79.998	19.996	100.162	19.958	6.452	1.049
474.000	530.966	79.996	19.995	100.162	19.962	6.169	1.037
474.500	531.461	79.998	19.996	100.161	19.958	6.444	1.025
475.000	531.968	79.997	19.995	100.163	19.963	6.140	1.012
475.500	532.511	79.998	19.996	100.163	19.961	6.242	1.026
476.000	533.012	79.998	19.996	100.163	19.957	6.489	1.047
476.500	533.502	79.998	19.996	100.163	19.961	6.260	1.018
477.000	534.033	79.998	19.996	100.163	19.961	6.253	1.006
477.500	534.535	79.998	19.995	100.163	19.961	6.274	1.027
478.000	535.057	80.000	19.996	100.163	19.961	6.250	1.029
478.500	535.601	79.997	19.996	100.162	19.962	6.215	1.045
479.000	536.107	79.998	19.996	100.162	19.965	6.043	1.058
479.500	536.619	79.998	19.994	100.161	19.965	5.999	1.034
480.000	537.144	79.997	19.997	100.160	19.964	6.073	1.027
480.500	537.650	79.998	19.995	100.160	19.961	6.268	1.034
481.000	538.152	79.998	19.996	100.160	19.960	6.293	1.020
481.500	538.688	79.996	19.995	100.160	19.962	6.212	1.023
482.000	539.199	79.997	19.997	100.159	19.962	6.188	1.042
482.500	539.707	79.996	19.996	100.160	19.964	6.070	1.033
483.000	540.247	79.997	19.996	100.160	19.966	5.986	1.033
483.500	540.751	79.996	19.996	100.160	19.963	6.148	1.046
484.000	541.261	79.996	19.996	100.159	19.962	6.198	1.029
484.500	541.783	79.996	19.995	100.159	19.965	6.037	1.023
485.000	542.303	79.996	19.997	100.158	19.961	6.237	1.037
485.500	542.835	79.994	19.996	100.157	19.959	6.385	1.047
486.000	543.327	79.995	19.997	100.158	19.964	6.084	1.039
486.500	543.865	79.994	19.997	100.158	19.961	6.250	1.027
487.000	544.361	79.995	19.997	100.159	19.961	6.250	1.031
487.500	544.835	79.995	19.996	100.160	19.961	6.228	1.002
488.000	545.380	79.995	19.996	100.161	19.961	6.241	0.995
488.500	545.864	79.995	19.996	100.161	19.961	6.269	1.024
489.000	546.400	79.995	19.998	100.160	19.964	6.085	1.024
489.500	546.888	79.994	19.997	100.160	19.962	6.197	1.022
490.000	547.429	79.995	19.996	100.159	19.964	6.058	1.027
490.500	547.968	79.996	19.997	100.158	19.962	6.207	1.055
491.000	548.486	79.994	19.996	100.158	19.966	5.983	1.069
491.500	548.989	79.996	19.997	100.158	19.961	6.228	1.039
492.000	549.516	79.996	19.996	100.158	19.959	6.373	1.025
492.500	549.967	79.996	19.997	100.158	19.965	6.008	1.004
493.000	550.506	79.995	19.997	100.158	19.962	6.180	0.984
493.500	551.024	79.995	19.997	100.159	19.966	5.975	1.024
494.000	551.531	79.997	19.998	100.159	19.961	6.266	1.041
494.500	552.038	79.997	19.997	100.160	19.965	6.032	1.020
495.000	552.493	79.996	19.996	100.159	19.966	5.948	0.988
495.500	553.083	79.996	19.996	100.159	19.963	6.140	1.003
496.000	553.608	79.996	19.996	100.156	19.966	5.970	1.080
496.500	554.093	79.996	19.996	100.155	19.965	6.037	1.063
497.000	554.601	79.996	19.996	100.155	19.966	5.959	1.002
497.500	555.133	79.997	19.997	100.156	19.965	6.016	1.017
498.000	555.651	79.997	19.995	100.156	19.964	6.090	1.045
498.500	556.147	79.997	19.997	100.159	19.967	5.881	1.032
499.000	556.647	79.995	19.996	100.160	19.965	6.029	1.004
499.500	557.174	79.995	19.996	100.159	19.965	6.005	1.011
500.000	557.683	79.998	19.996	100.157	19.967	5.878	1.032
500.500	558.232	79.997	19.995	100.158	19.965	5.995	1.047
501.000	558.711	79.997	19.995	100.158	19.970	5.695	1.043
501.500	559.210	79.996	19.995	100.157	19.968	5.817	1.003
502.000	559.723	79.996	19.996	100.159	19.968	5.857	0.995
502.500	560.232	79.996	19.996	100.160	19.967	5.876	1.017
503.000	560.738	79.996	19.995	100.160	19.965	6.032	1.018
503.500	561.226	79.998	19.995	100.160	19.968	5.827	1.005
504.000	561.785	79.997	19.996	100.160	19.971	5.685	1.021
504.500	562.293	79.997	19.995	100.160	19.969	5.776	1.057
505.001	562.786	79.996	19.996	100.160	19.972	5.603	1.034
505.501	563.258	79.997	19.995	100.160	19.970	5.728	0.983
506.000	563.821	79.997	19.995	100.159	19.968	5.868	1.000
506.500	564.292	79.995	19.996	100.160	19.970	5.700	1.034
507.000	564.821	79.995	19.996	100.160	19.972	5.612	1.017
507.500	565.295	79.996	19.995	100.160	19.969	5.787	1.001
508.000	565.773	79.996	19.995	100.161	19.971	5.661	0.977
508.500	566.320	79.996	19.995	100.160	19.970	5.715	0.989
509.000	566.817	79.998	19.996	100.160	19.966	5.975	1.034
509.500	567.315	79.996	19.996	100.161	19.969	5.783	1.019
510.000	567.845	79.997	19.996	100.161	19.969	5.805	1.012
510.500	568.329	79.996	19.996	100.157	19.968	5.860	1.021
511.000	568.836	79.996	19.996	100.155	19.963	6.122	1.003
511.500	569.377	79.994	19.995	100.154	19.965	5.994	1.020
512.000	569.833	79.995	19.995	100.154	19.966	5.962	1.022
512.500	570.340	79.995	19.995	100.156	19.962	6.170	0.979
513.000	570.891	79.995	19.994	100.158	19.964	6.073	1.011
513.500	571.410	79.995	19.994	100.160	19.963	6.127	1.065
514.000	571.910	79.996	19.996	100.162	19.966	5.928	1.045
514.500	572.399	79.996	19.995	100.159	19.968	5.838	1.004
515.000	572.916	79.996	19.996	100.157	19.969	5.789	0.997
515.500	573.416	79.996	19.996	100.156	19.965	5.991	1.011
516.000	573.928	79.993	19.995	100.158	19.966	5.943	1.014
516.500	574.462	79.996	19.996	100.157	19.965	6.024	1.029
517.000	574.996	79.995	19.995	100.160	19.962	6.180	1.057
517.500	575.522	79.994	19.995	100.159	19.968	5.852	1.064
518.000	576.014	79.997	19.996	100.159	19.966	5.949	1.039
518.500	576.506	79.994	19.996	100.152	19.965	6.027	1.001
519.000	577.008	79.995	19.996	100.146	19.967	5.920	0.989
519.500	577.518	79.995	19.996	100.140	19.964	6.071	1.003
520.000	578.032	79.995	19.996	100.137	19.969	5.784	1.018
520.500	578.559	79.994	19.996	100.137	19.964	6.067	1.032
521.000	579.069	79.995	19.996	100.143	19.965	6.036	1.039
521.500	579.551	79.995	19.997	100.150	19.968	5.821	1.015
522.000	580.047	79.994	19.996	100.153	19.970	5.740	0.985
522.500	580.561	79.994	19.996	100.153	19.966	5.967	0.994
523.000	581.064	79.995	19.997	100.151	19.965	6.031	1.014
523.500	581.574	79.994	19.996	100.147	19.964	6.054	1.015
524.000	582.070	79.996	19.996	100.144	19.964	6.101	1.009
524.500	582.542	79.997	19.996	100.144	19.965	6.011	0.987
525.000	583.082	79.996	19.995	100.149	19.962	6.196	0.990
525.500	583.538	79.996	19.996	100.154	19.967	5.892	1.004
526.000	584.094	79.996	19.995	100.153	19.968	5.857	1.004
526.500	584.567	79.996	19.995	100.155	19.963	6.119	1.020
527.000	585.055	79.996	19.995	100.156	19.969	5.802	0.995
527.500	585.567	79.997	19.995	100.154	19.966	5.948	0.981
528.000	586.072	79.998	19.995	100.151	19.965	6.029	1.009
528.500	586.600	79.997	19.995	100.152	19.967	5.891	1.025
529.000	587.113	79.996	19.994	100.150	19.967	5.919	1.037
529.500	587.562	79.994	19.996	100.144	19.963	6.140	1.001
530.000	588.065	79.997	19.994	100.146	19.965	6.004	0.957
530.500	588.602	79.997	19.995	100.150	19.967	5.913	0.996
531.000	589.058	79.996	19.995	100.152	19.968	5.833	1.017
531.500	589.565	79.996	19.996	100.155	19.968	5.854	0.978
532.000	590.097	79.997	19.995	100.162	19.968	5.828	1.001
532.500	590.584	79.998	19.995	100.163	19.968	5.850	1.028
533.000	591.062	79.997	19.994	100.162	19.970	5.744	0.992
533.500	591.579	79.998	19.995	100.158	19.967	5.901	0.980
534.000	592.106	79.997	19.996	100.160	19.968	5.852	1.020
534.500	592.600	79.997	19.994	100.159	19.964	6.053	1.032
535.000	593.134	79.995	19.994	100.158	19.972	5.620	1.025
535.500	593.643	79.997	19.995	100.155	19.968	5.814	1.036
536.000	594.153	79.998	19.995	100.160	19.967	5.903	1.031
536.500	594.652	79.996	19.994	100.159	19.967	5.880	1.014
537.000	595.161	79.997	19.994	100.156	19.967	5.883	1.009
537.500	595.678	79.994	19.994	100.156	19.968	5.842	1.017
538.000	596.189	79.996	19.994	100.158	19.967	5.925	1.027
538.500	596.697	79.997	19.995	100.157	19.971	5.688	1.023
539.000	597.215	79.997	19.994	100.157	19.969	5.800	1.022
539.500	597.684	79.995	19.995	100.158	19.969	5.811	1.006
540.000	598.202	79.997	19.995	100.159	19.968	5.863	0.987
540.500	598.669	79.997	19.995	100.160	19.967	5.913	0.986
541.000	599.199	79.996	19.995	100.161	19.965	6.003	0.991
541.500	599.685	79.998	19.996	100.159	19.964	6.048	1.006
542.000	600.229	79.996	19.995	100.156	19.968	5.826	1.023
542.500	600.728	79.996	19.995	100.153	19.966	5.950	1.037
543.000	601.228	79.996	19.996	100.150	19.966	5.949	1.021
543.500	601.727	79.996	19.996	100.150	19.971	5.671	0.999
544.000	602.244	79.995	19.996	100.149	19.969	5.753	1.008
544.500	602.764	79.997	19.996	100.151	19.966	5.955	1.026
545.000	603.241	79.995	19.995	100.154	19.967	5.891	1.017
545.500	603.750	79.995	19.995	100.156	19.966	5.955	0.991
546.000	604.261	79.996	19.995	100.156	19.967	5.921	1.003
546.500	604.755	79.997	19.996	100.154	19.964	6.067	1.013
547.000	605.294	79.998	19.996	100.151	19.966	5.934	1.019
547.500	605.761	79.995	19.995	100.147	19.967	5.882	1.020
548.000	606.243	79.996	19.995	100.145	19.971	5.664	0.978
548.500	606.719	79.995	19.996	100.143	19.969	5.777	0.953
549.001	607.286	79.996	19.996	100.146	19.966	5.934	1.000
549.500	607.752	79.997	19.996	100.150	19.968	5.829	1.038
550.000	608.244	79.995	19.996	100.153	19.971	5.690	0.996
550.500	608.767	79.996	19.998	100.155	19.967	5.887	0.987
551.000	609.265	79.997	19.997	100.157	19.968	5.849	1.018
551.500	609.762	79.996	19.996	100.154	19.969	5.761	1.008
552.000	610.269	79.996	19.996	100.151	19.967	5.915	0.999
552.500	610.770	79.996	19.997	100.149	19.968	5.836	1.005
553.000	611.267	79.996	19.996	100.149	19.966	5.928	1.003
553.500	611.760	79.998	19.996	100.147	19.967	5.909	0.994
554.000	612.283	79.996	19.996	100.151	19.969	5.807	1.003
554.500	612.785	79.998	19.996	100.154	19.969	5.759	1.020
555.000	613.312	79.997	19.995	100.151	19.968	5.834	1.027
555.500	613.800	79.996	19.996	100.146	19.968	5.817	1.022
556.000	614.287	79.996	19.996	100.142	19.968	5.863	0.995
556.500	614.794	79.998	19.996	100.137	19.967	5.909	0.984
557.000	615.306	79.996	19.995	100.135	19.966	5.962	1.006
557.500	615.860	80.000	19.996	100.138	19.967	5.870	1.043
558.000	616.371	79.997	19.996	100.142	19.964	6.048	1.066
558.500	616.812	79.997	19.996	100.145	19.969	5.756	1.009
559.000	617.350	79.997	19.996	100.143	19.962	6.190	0.965
559.500	617.878	79.998	19.995	100.143	19.964	6.081	1.023
560.000	618.366	79.998	19.996	100.144	19.971	5.678	1.041
560.500	618.855	79.998	19.996	100.144	19.968	5.831	0.996
561.000	619.388	79.996	19.994	100.148	19.968	5.869	1.000
561.500	619.874	79.997	19.995	100.153	19.969	5.753	1.020
562.000	620.396	79.998	19.996	100.151	19.969	5.777	1.013
562.500	620.893	80.000	19.995	100.149	19.966	5.970	1.013
563.000	621.416	79.998	19.996	100.148	19.969	5.790	1.020
563.500	621.901	79.998	19.996	100.141	19.972	5.596	1.014
564.000	622.381	79.998	19.996	100.138	19.971	5.669	0.986
564.501	622.901	79.997	19.996	100.141	19.970	5.745	0.982
565.000	623.430	79.996	19.996	100.143	19.968	5.817	1.024
565.500	623.947	79.996	19.996	100.141	19.969	5.787	1.048
566.000	624.468	79.995	19.996	100.147	19.975	5.444	1.042
566.500	624.890	79.995	19.996	100.148	19.973	5.546	0.990
567.000	625.389	79.994	19.996	100.144	19.974	5.508	0.932
567.501	625.911	79.995	19.996	100.139	19.969	5.786	0.971
568.001	626.417	79.996	19.995	100.135	19.969	5.757	1.024
568.500	626.926	79.994	19.996	100.133	19.972	5.578	1.021
569.000	627.455	79.995	19.996	100.132	19.969	5.772	1.027
569.500	627.925	79.996	19.996	100.132	19.966	5.974	1.018
570.000	628.414	79.995	19.996	100.132	19.969	5.778	0.978
570.500	628.901	79.994	19.996	100.132	19.966	5.947	0.968
571.000	629.400	79.993	19.996	100.132	19.968	5.855	0.982
571.500	629.936	79.994	19.996	100.137	19.967	5.920	1.010
572.000	630.430	79.995	19.996	100.140	19.970	5.718	1.032
572.500	630.952	79.994	19.996	100.146	19.967	5.902	1.023
573.000	631.490	79.994	19.996	100.152	19.970	5.751	1.038
573.500	631.864	79.993	19.995	100.151	19.968	5.841	0.986
574.000	632.453	79.993	19.996	100.149	19.965	6.006	0.938
574.500	632.944	79.993	19.996	100.150	19.971	5.673	1.022
575.000	633.461	79.994	19.996	100.149	19.968	5.833	1.044
575.500	633.954	79.995	19.998	100.150	19.966	5.946	1.009
576.000	634.496	79.995	19.997	100.151	19.966	5.930	1.022
576.500	635.017	79.994	19.997	100.147	19.970	5.727	1.049
577.000	635.528	79.995	19.996	100.141	19.970	5.711	1.048
577.500	636.032	79.993	19.997	100.137	19.968	5.862	1.024
578.000	636.512	79.995	19.996	100.137	19.967	5.915	0.999
578.500	637.033	79.995	19.997	100.136	19.968	5.832	0.992
579.000	637.531	79.993	19.996	100.139	19.971	5.654	1.010
579.500	638.060	79.994	19.997	100.141	19.966	5.939	1.023
580.000	638.514	79.995	19.997	100.143	19.968	5.860	1.005
580.500	639.032	79.995	19.996	100.139	19.971	5.637	0.978
581.000	639.567	79.996	19.997	100.138	19.967	5.920	1.013
581.500	640.070	79.995	19.996	100.137	19.973	5.571	1.045
582.000	640.582	79.996	19.996	100.140	19.970	5.733	1.026
582.500	641.050	79.996	19.996	100.142	19.974	5.500	0.998
583.000	641.521	79.996	19.996	100.143	19.972	5.621	0.960
583.501	642.034	79.996	19.996	100.141	19.972	5.628	0.961
584.000	642.549	79.994	19.996	100.140	19.970	5.709	1.006
584.500	643.056	79.995	19.996	100.134	19.969	5.778	1.025
585.001	643.550	79.995	19.995	100.128	19.973	5.565	1.012
585.500	644.030	79.996	19.996	100.127	19.971	5.675	0.987
586.000	644.552	79.996	19.996	100.130	19.970	5.751	0.987
586.500	645.029	79.996	19.996	100.131	19.968	5.816	1.000
587.000	645.525	79.997	19.995	100.131	19.969	5.792	0.986
587.500	646.020	79.995	19.996	100.133	19.972	5.622	0.982
588.000	646.515	79.995	19.996	100.132	19.970	5.711	0.991
588.500	647.037	79.996	19.995	100.131	19.969	5.789	1.004
589.000	647.584	79.996	19.996	100.132	19.970	5.732	1.043
589.500	648.027	79.997	19.996	100.136	19.968	5.821	1.029
590.000	648.577	79.996	19.996	100.136	19.970	5.706	0.991
590.500	649.084	79.995	19.994	100.142	19.969	5.779	1.025
591.000	649.565	79.995	19.995	100.149	19.975	5.447	1.023
591.500	650.085	79.997	19.995	100.153	19.970	5.730	0.994
592.000	650.527	79.994	19.994	100.152	19.969	5.762	0.981
592.500	651.133	79.996	19.996	100.154	19.972	5.617	1.005
593.000	651.620	79.997	19.996	100.152	19.971	5.671	1.071
593.500	652.205	79.995	19.995	100.149	19.972	5.627	1.082
594.000	652.611	79.995	19.996	100.146	19.973	5.570	1.031
594.500	653.084	79.994	19.995	100.148	19.974	5.517	0.936
595.000	653.642	79.996	19.995	100.146	19.976	5.369	0.955
595.500	654.158	79.995	19.995	100.142	19.970	5.733	1.052
596.000	654.676	79.994	19.995	100.141	19.971	5.686	1.053
596.500	655.170	79.994	19.996	100.141	19.970	5.710	1.023
597.000	655.678	79.995	19.996	100.139	19.969	5.763	1.007
597.500	656.151	79.993	19.995	100.139	19.973	5.541	0.992
598.001	656.689	79.994	19.996	100.137	19.970	5.724	0.996
598.500	657.151	79.995	19.996	100.136	19.974	5.504	1.005
599.000	657.686	79.996	19.995	100.134	19.971	5.679	0.999
599.500	658.187	79.995	19.996	100.131	19.970	5.738	1.017
600.000	658.675	79.995	19.995	100.130	19.971	5.679	1.012
600.500	659.200	79.996	19.995	100.130	19.968	5.835	1.001
601.000	659.701	79.994	19.996	100.129	19.973	5.525	1.020
601.500	660.200	79.995	19.996	100.131	19.973	5.566	1.013
602.000	660.710	79.994	19.996	100.132	19.973	5.523	1.005
602.500	661.241	79.993	19.994	100.133	19.970	5.730	1.025
603.000	661.751	79.993	19.995	100.133	19.970	5.725	1.041
603.500	662.227	79.995	19.997	100.135	19.969	5.782	1.013
604.000	662.731	79.996	19.996	100.133	19.970	5.729	0.983
604.500	663.241	79.994	19.996	100.135	19.969	5.775	0.997
605.000	663.779	79.995	19.996	100.136	19.974	5.493	1.031
605.500	664.220	79.995	19.996	100.139	19.971	5.640	1.013
606.000	664.755	79.995	19.996	100.136	19.974	5.503	0.977
606.500	665.237	79.995	19.996	100.134	19.970	5.703	0.997
607.000	665.764	79.995	19.995	100.133	19.971	5.674	1.013
607.500	666.260	79.995	19.995	100.136	19.975	5.435	1.015
608.000	666.759	79.997	19.995	100.133	19.970	5.713	1.009
608.500	667.291	79.996	19.996	100.133	19.973	5.547	1.013
609.000	667.753	79.996	19.996	100.134	19.971	5.642	1.013
609.500	668.254	79.997	19.996	100.131	19.973	5.571	0.979
610.000	668.751	79.996	19.995	100.125	19.976	5.367	0.980
610.500	669.276	79.997	19.996	100.125	19.973	5.528	1.010
611.000	669.799	79.996	19.995	100.126	19.977	5.327	1.035
611.500	670.290	79.998	19.996	100.125	19.974	5.461	1.031
612.000	670.813	79.997	19.995	100.126	19.973	5.526	1.014
612.500	671.294	79.996	19.996	100.125	19.974	5.463	1.009
613.000	671.804	79.997	19.996	100.125	19.973	5.566	0.997
613.500	672.304	79.997	19.995	100.123	19.970	5.725	1.001
614.000	672.800	79.998	19.995	100.123	19.974	5.466	1.003
614.500	673.307	79.999	19.996	100.126	19.968	5.811	1.000
615.000	673.845	79.998	19.995	100.133	19.970	5.746	1.024
615.500	674.370	79.997	19.996	100.135	19.973	5.572	1.054
616.000	674.875	79.998	19.995	100.135	19.973	5.531	1.046
616.500	675.367	79.997	19.995	100.134	19.973	5.570	1.013
617.000	675.876	79.998	19.995	100.130	19.971	5.682	0.999
617.500	676.381	79.997	19.995	100.123	19.968	5.861	1.008
618.000	676.901	79.998	19.995	100.121	19.973	5.543	1.020
618.500	677.393	79.998	19.995	100.120	19.973	5.550	1.018
619.000	677.887	79.999	19.995	100.120	19.969	5.759	0.999
619.500	678.417	79.997	19.995	100.122	19.973	5.566	1.005
620.000	678.939	79.998	19.995	100.123	19.970	5.747	1.038
620.500	679.416	79.998	19.995	100.124	19.974	5.504	1.026
621.000	679.978	79.997	19.995	100.125	19.968	5.826	1.019
621.500	680.465	79.997	19.995	100.125	19.972	5.580	1.044
622.000	680.948	79.998	19.995	100.124	19.967	5.882	1.010
622.500	681.445	79.997	19.995	100.125	19.973	5.534	0.975
623.000	681.981	79.996	19.994	100.124	19.969	5.761	1.006
623.500	682.513	79.998	19.997	100.124	19.971	5.653	1.051
624.000	683.036	79.997	19.995	100.125	19.968	5.863	1.062
624.500	683.505	79.997	19.995	100.126	19.971	5.691	1.023
625.000	684.029	79.998	19.995	100.126	19.973	5.551	0.993
625.500	684.537	79.998	19.995	100.126	19.972	5.604	1.012
626.000	685.033	79.997	19.995	100.126	19.968	5.825	1.018
626.500	685.543	79.997	19.995	100.124	19.971	5.661	1.005
627.000	686.044	79.998	19.994	100.123	19.971	5.649	1.009
627.500	686.579	79.996	19.994	100.122	19.969	5.765	1.024
628.000	687.037	79.997	19.995	100.120	19.973	5.526	1.015
628.500	687.586	79.997	19.995	100.118	19.973	5.571	1.000
629.000	688.050	79.996	19.995	100.118	19.975	5.418	1.010
629.500	688.577	79.997	19.995	100.118	19.973	5.551	1.002
630.000	689.061	79.998	19.996	100.118	19.975	5.456	1.001
630.501	689.570	79.997	19.995	100.120	19.969	5.796	1.002
631.001	690.061	79.997	19.995	100.123	19.975	5.415	0.996
631.500	690.619	79.996	19.996	100.123	19.970	5.723	1.025
632.000	691.096	79.996	19.996	100.122	19.972	5.631	1.042
632.500	691.610	79.998	19.996	100.122	19.969	5.798	1.013
633.000	692.128	79.997	19.995	100.121	19.970	5.703	1.012
633.500	692.632	79.998	19.996	100.121	19.969	5.752	1.027
634.000	693.150	79.997	19.995	100.122	19.972	5.634	1.021
634.500	693.632	79.997	19.998	100.122	19.970	5.703	1.011
635.000	694.160	80.000	19.995	100.122	19.972	5.623	1.006
635.500	694.659	79.998	19.995	100.123	19.975	5.431	1.019
636.000	695.168	79.996	19.995	100.123	19.971	5.672	1.018
636.500	695.674	79.997	19.996	100.125	19.972	5.625	1.012
637.000	696.173	79.998	19.995	100.126	19.973	5.564	1.010
637.500	696.717	79.999	19.996	100.125	19.972	5.590	1.024
638.000	697.213	79.997	19.996	100.125	19.970	5.706	1.041
638.500	697.734	79.997	19.996	100.125	19.972	5.606	1.029
639.000	698.226	80.000	19.996	100.122	19.971	5.676	1.015
639.500	698.718	79.999	19.996	100.122	19.971	5.689	0.998
640.000	699.248	79.997	19.995	100.122	19.969	5.763	1.003
640.500	699.748	79.998	19.997	100.122	19.971	5.660	1.026
641.000	700.220	79.999	19.996	100.122	19.973	5.561	1.001
641.500	700.737	79.996	19.995	100.122	19.972	5.631	0.981
642.000	701.267	79.998	19.997	100.123	19.978	5.264	1.018
642.500	701.746	79.997	19.996	100.123	19.970	5.741	1.027
643.000	702.246	79.998	19.995	100.123	19.972	5.598	0.994
643.500	702.760	79.998	19.996	100.123	19.971	5.668	0.997
644.000	703.248	79.998	19.995	100.124	19.973	5.572	1.008
644.501	703.798	79.997	19.995	100.125	19.972	5.633	1.020
645.000	704.284	79.998	19.996	100.124	19.970	5.707	1.037
645.500	704.786	79.998	19.996	100.126	19.970	5.712	1.012
646.000	705.270	79.996	19.996	100.126	19.970	5.695	0.987
646.500	705.771	79.997	19.995	100.126	19.971	5.690	0.985
647.000	706.299	79.994	19.995	100.126	19.973	5.544	1.007
647.500	706.793	79.995	19.996	100.127	19.970	5.719	1.026
648.000	707.267	79.995	19.995	100.128	19.968	5.851	0.995
648.500	707.817	79.996	19.996	100.132	19.966	5.949	0.996
649.000	708.278	79.995	19.997	100.132	19.968	5.816	1.018
649.500	708.793	79.996	19.996	100.132	19.971	5.671	0.994
650.000	709.304	79.995	19.996	100.132	19.975	5.407	1.001
650.500	709.818	79.996	19.995	100.129	19.976	5.380	1.026
651.001	710.309	79.995	19.995	100.125	19.974	5.464	1.015
651.500	710.792	79.996	19.996	100.126	19.971	5.650	0.989
652.000	711.318	79.995	19.995	100.125	19.970	5.714	0.991
652.500	711.869	79.995	19.996	100.125	19.971	5.644	1.043
653.000	712.313	79.994	19.995	100.126	19.973	5.575	1.037
653.500	712.827	79.997	19.996	100.125	19.972	5.615	0.977
654.000	713.300	79.995	19.996	100.125	19.970	5.706	0.972
654.500	713.810	79.996	19.996	100.125	19.967	5.917	0.985
655.000	714.353	79.995	19.995	100.125	19.969	5.806	1.018
655.500	714.853	79.996	19.995	100.125	19.968	5.855	1.048
656.000	715.370	79.995	19.995	100.125	19.970	5.749	1.030
656.500	715.899	79.996	19.996	100.126	19.969	5.801	1.031
657.000	716.414	79.995	19.996	100.126	19.970	5.695	1.045
657.500	716.920	79.994	19.997	100.126	19.966	5.958	1.032
658.000	717.394	79.995	19.996	100.127	19.969	5.782	1.001
658.500	717.867	79.994	19.996	100.126	19.971	5.656	0.964
659.000	718.431	79.995	19.995	100.126	19.968	5.864	0.992
659.500	718.893	79.995	19.995	100.126	19.969	5.764	1.031
660.000	719.437	79.993	19.996	100.126	19.969	5.775	1.016
660.500	719.913	79.996	19.995	100.127	19.969	5.778	1.013
661.000	720.417	79.995	19.996	100.127	19.971	5.689	1.000
661.500	720.908	79.993	19.995	100.127	19.972	5.616	0.987
662.000	721.419	79.995	19.996	100.127	19.970	5.694	0.998
662.500	721.908	79.995	19.996	100.126	19.968	5.866	1.001
663.000	722.393	79.994	19.995	100.124	19.968	5.823	0.987
663.500	722.923	79.995	19.997	100.124	19.971	5.673	0.994
664.000	723.445	79.995	19.997	100.124	19.970	5.742	1.034
664.500	723.912	79.996	19.997	100.124	19.970	5.743	1.021
665.000	724.444	79.995	19.996	100.121	19.968	5.821	0.994
665.500	724.923	79.996	19.997	100.121	19.970	5.695	1.005
666.000	725.423	79.996	19.996	100.121	19.969	5.797	0.995
666.500	725.938	79.995	19.996	100.121	19.970	5.741	0.997
667.000	726.445	79.997	19.996	100.121	19.968	5.824	1.018
667.500	726.923	79.995	19.997	100.124	19.970	5.708	1.004
668.000	727.411	79.996	19.996	100.123	19.971	5.673	0.976
668.500	727.906	79.995	19.996	100.122	19.969	5.764	0.974
669.000	728.417	79.997	19.997	100.120	19.972	5.580	0.994
669.500	728.923	79.995	19.996	100.118	19.969	5.789	1.012
670.000	729.419	79.995	19.997	100.118	19.971	5.676	1.010
670.500	729.918	79.995	19.996	100.113	19.970	5.732	0.999
671.000	730.400	79.995	19.996	100.111	19.973	5.522	0.987
671.500	730.924	79.995	19.996	100.113	19.976	5.380	0.993
672.000	731.425	79.996	19.997	100.114	19.970	5.729	1.016
672.500	731.904	79.996	19.997	100.114	19.972	5.602	1.003
673.000	732.426	79.996	19.996	100.117	19.969	5.787	0.991
673.500	732.928	79.996	19.997	100.117	19.969	5.764	1.012
674.000	733.418	79.995	19.997	100.117	19.968	5.841	1.008
674.500	733.898	79.996	19.996	100.114	19.966	5.931	0.981
675.000	734.429	79.994	19.996	100.115	19.966	5.941	0.990
675.500	734.926	79.996	19.996	100.111	19.972	5.590	1.020
676.000	735.390	79.995	19.996	100.106	19.968	5.818	0.994
676.500	735.866	79.995	19.996	100.102	19.967	5.874	0.951
677.000	736.390	79.996	19.996	100.100	19.970	5.744	0.970
677.500	736.907	79.996	19.995	100.099	19.970	5.706	1.020
678.000	737.398	79.995	19.996	100.104	19.967	5.920	1.024
