Sample ID:	C:\MCC\MCC Cal\Test\Cotton_Shirt\Cotton_Shirt_MCC_30K_min_210709_R2.txt
Sample Weight (mg):	4.89
Heating Rate (C/s):	1
Combustor Temp (C):	900
N2 Flow Rate (cc/min):	80
O2 Flow Rate (cc/min):	20
Calibration File:	C:\MCC\MCC Cal\Coeff1 JN10440_30_210304.txt.txt
T Correction Coefficients:	0	1.024463	0
Time Shift (s):	14
*
Time (s)	Temperature (C)	N2 flow rate (cc/min)	O2 flow rate (cc/min)	Flow Rate (cc/min)	Oxygen (%)	HRR (W/g)	Heating rate (C/s)
0.000	110.904	79.995	19.995	99.926	20.018	0.049	0.004
0.500	110.880	79.997	19.996	99.924	20.017	0.068	-0.020
1.000	110.897	79.996	19.997	99.924	20.016	0.168	-0.016
1.500	110.924	79.997	19.996	99.925	20.015	0.238	0.019
2.000	110.897	79.997	19.996	99.926	20.017	0.113	0.022
2.500	110.855	79.996	19.996	99.927	20.018	0.052	-0.034
3.000	110.849	79.997	19.996	99.928	20.014	0.297	-0.059
3.500	110.826	79.995	19.996	99.928	20.016	0.163	-0.039
4.000	110.828	79.999	19.996	99.926	20.013	0.379	-0.025
4.500	110.811	79.998	19.995	99.926	20.015	0.202	-0.018
5.000	110.882	79.998	19.995	99.925	20.015	0.247	0.019
5.500	110.818	79.998	19.994	99.925	20.014	0.268	0.030
6.000	110.876	80.000	19.995	99.927	20.021	-0.183	0.000
6.500	110.837	79.998	19.996	99.929	20.017	0.090	0.007
7.000	110.859	79.997	19.995	99.933	20.016	0.130	0.001
7.500	110.812	79.997	19.995	99.934	20.017	0.090	-0.021
8.000	110.842	79.999	19.995	99.934	20.017	0.090	-0.021
8.500	110.783	80.000	19.996	99.933	20.015	0.228	-0.023
9.001	110.819	79.997	19.995	99.932	20.017	0.085	-0.026
9.501	110.790	79.998	19.994	99.930	20.013	0.362	-0.008
10.000	110.829	79.998	19.995	99.931	20.013	0.378	0.009
10.500	110.802	79.999	19.995	99.936	20.010	0.548	0.011
11.000	110.793	80.000	19.996	99.944	20.013	0.353	-0.012
11.500	110.771	79.995	19.995	99.951	20.008	0.654	-0.033
12.001	110.761	79.998	19.995	99.955	20.013	0.366	-0.031
12.501	110.803	79.998	19.996	99.953	20.005	0.884	0.000
13.001	110.806	80.000	19.995	99.954	20.005	0.830	0.039
13.500	110.779	79.998	19.995	99.954	20.003	0.971	0.011
14.000	110.778	79.996	19.995	99.962	20.005	0.830	-0.026
14.500	110.809	79.999	19.996	99.978	20.001	1.095	0.001
15.000	110.783	79.999	19.996	100.008	19.998	1.335	0.017
15.500	110.782	80.001	19.995	100.035	19.988	1.959	-0.011
16.000	110.819	79.996	19.995	100.065	19.991	1.785	0.005
16.500	110.824	79.999	19.996	100.091	19.990	1.827	0.039
17.000	110.835	79.999	19.995	100.115	19.986	2.077	0.029
17.500	110.836	79.998	19.996	100.133	19.985	2.130	0.014
18.000	110.859	79.999	19.996	100.153	19.979	2.548	0.018
18.500	110.910	79.997	19.996	100.170	19.978	2.560	0.049
19.000	110.925	79.998	19.995	100.183	19.978	2.605	0.070
19.500	110.988	79.997	19.995	100.190	19.971	3.045	0.072
20.000	111.020	80.000	19.996	100.191	19.977	2.676	0.086
20.500	111.065	79.999	19.996	100.188	19.972	2.972	0.086
21.000	111.111	79.997	19.994	100.188	19.975	2.791	0.084
21.500	111.147	79.997	19.995	100.188	19.968	3.256	0.086
22.000	111.159	79.999	19.996	100.190	19.966	3.371	0.065
22.500	111.267	79.997	19.995	100.197	19.971	3.066	0.084
23.000	111.328	79.998	19.995	100.204	19.968	3.235	0.144
23.500	111.345	79.999	19.996	100.205	19.967	3.268	0.124
24.000	111.400	79.998	19.995	100.206	19.967	3.315	0.075
24.500	111.461	79.999	19.996	100.210	19.962	3.608	0.094
25.000	111.570	79.998	19.995	100.213	19.960	3.711	0.143
25.500	111.647	79.997	19.996	100.215	19.961	3.673	0.178
26.000	111.723	79.997	19.996	100.220	19.960	3.724	0.169
26.500	111.752	79.999	19.997	100.225	19.959	3.788	0.128
27.000	111.855	79.997	19.996	100.228	19.962	3.607	0.118
27.500	111.981	79.998	19.996	100.234	19.961	3.703	0.180
28.000	112.016	79.997	19.996	100.237	19.957	3.963	0.195
28.500	112.142	79.998	19.996	100.241	19.958	3.855	0.161
29.000	112.222	79.998	19.995	100.244	19.952	4.245	0.184
29.500	112.295	79.998	19.995	100.249	19.956	3.994	0.180
30.000	112.418	79.997	19.995	100.255	19.956	4.026	0.174
30.500	112.539	79.999	19.996	100.262	19.951	4.334	0.220
31.000	112.628	80.000	19.995	100.272	19.956	4.007	0.227
31.501	112.732	80.000	19.995	100.279	19.945	4.690	0.202
32.000	112.876	80.000	19.995	100.281	19.952	4.230	0.221
32.500	112.987	80.000	19.995	100.280	19.951	4.342	0.251
33.000	113.088	80.000	19.996	100.280	19.951	4.302	0.233
33.500	113.265	80.001	19.995	100.281	19.949	4.477	0.245
34.000	113.375	80.000	19.996	100.282	19.947	4.589	0.282
34.500	113.533	80.000	19.995	100.285	19.943	4.850	0.277
35.000	113.666	79.999	19.995	100.288	19.945	4.711	0.279
35.500	113.797	79.999	19.994	100.289	19.942	4.873	0.278
36.000	113.954	80.001	19.995	100.291	19.943	4.822	0.276
36.500	114.091	80.001	19.995	100.297	19.944	4.739	0.291
37.000	114.278	80.000	19.994	100.304	19.942	4.868	0.309
37.500	114.412	80.001	19.995	100.312	19.936	5.260	0.323
38.000	114.556	80.001	19.994	100.319	19.940	5.030	0.300
38.500	114.738	80.000	19.995	100.322	19.939	5.056	0.302
39.000	114.858	80.000	19.995	100.322	19.938	5.161	0.314
39.500	115.055	80.000	19.995	100.322	19.936	5.290	0.310
40.000	115.257	79.999	19.994	100.322	19.934	5.414	0.358
40.500	115.383	79.999	19.995	100.321	19.935	5.344	0.364
41.000	115.577	80.001	19.994	100.320	19.933	5.462	0.324
41.500	115.796	80.001	19.995	100.321	19.932	5.543	0.366
42.000	115.962	79.999	19.995	100.323	19.935	5.330	0.398
42.500	116.151	79.998	19.995	100.329	19.932	5.511	0.370
43.000	116.352	79.997	19.994	100.337	19.932	5.527	0.372
43.500	116.508	79.996	19.994	100.345	19.933	5.471	0.374
44.000	116.733	79.996	19.995	100.351	19.935	5.342	0.369
44.500	116.911	79.999	19.995	100.356	19.928	5.771	0.392
45.000	117.134	79.996	19.994	100.358	19.930	5.643	0.402
45.500	117.324	79.996	19.995	100.359	19.933	5.497	0.407
46.000	117.550	79.997	19.995	100.359	19.933	5.488	0.415
46.500	117.821	79.996	19.995	100.361	19.935	5.352	0.457
47.001	118.032	79.997	19.996	100.362	19.930	5.683	0.490
47.500	118.231	79.996	19.995	100.361	19.931	5.581	0.446
48.000	118.490	79.997	19.996	100.360	19.935	5.370	0.433
48.500	118.692	79.995	19.994	100.360	19.934	5.425	0.459
49.000	118.948	79.996	19.995	100.360	19.933	5.485	0.460
49.501	119.174	79.997	19.995	100.360	19.933	5.452	0.470
50.000	119.405	79.995	19.994	100.361	19.926	5.938	0.469
50.500	119.642	79.997	19.996	100.362	19.928	5.806	0.462
51.000	119.890	79.998	19.996	100.363	19.927	5.837	0.476
51.500	120.115	79.995	19.995	100.363	19.933	5.462	0.479
52.000	120.361	79.998	19.995	100.363	19.929	5.743	0.472
52.500	120.592	79.995	19.995	100.362	19.934	5.415	0.474
53.000	120.883	79.996	19.995	100.362	19.933	5.476	0.500
53.500	121.130	79.997	19.995	100.359	19.933	5.484	0.530
54.000	121.448	79.996	19.995	100.358	19.929	5.716	0.552
54.500	121.695	79.995	19.996	100.357	19.933	5.457	0.565
55.000	121.918	79.996	19.996	100.357	19.926	5.917	0.517
55.500	122.206	79.996	19.996	100.357	19.929	5.743	0.491
56.000	122.495	79.997	19.997	100.357	19.927	5.835	0.544
56.500	122.754	79.994	19.996	100.355	19.927	5.828	0.563
57.000	123.079	79.995	19.995	100.356	19.933	5.460	0.566
57.500	123.314	79.996	19.996	100.356	19.928	5.764	0.572
58.000	123.625	79.997	19.995	100.356	19.931	5.574	0.553
58.500	123.910	79.997	19.996	100.357	19.933	5.455	0.571
59.000	124.190	79.997	19.996	100.358	19.929	5.699	0.581
59.500	124.502	79.997	19.997	100.358	19.934	5.411	0.578
60.000	124.759	79.995	19.996	100.358	19.931	5.579	0.580
60.500	125.063	79.997	19.996	100.357	19.927	5.870	0.565
61.000	125.341	79.996	19.996	100.358	19.926	5.919	0.572
61.500	125.638	79.996	19.997	100.358	19.933	5.485	0.579
62.000	125.934	79.998	19.997	100.358	19.926	5.939	0.584
62.500	126.226	79.996	19.996	100.358	19.932	5.517	0.590
63.000	126.543	79.996	19.997	100.355	19.931	5.597	0.598
63.500	126.847	79.997	19.995	100.353	19.934	5.422	0.615
64.000	127.138	79.995	19.995	100.351	19.935	5.368	0.608
64.500	127.456	79.996	19.995	100.352	19.932	5.553	0.602
65.000	127.771	79.995	19.995	100.352	19.929	5.747	0.621
65.500	128.077	79.996	19.995	100.354	19.924	6.053	0.627
66.000	128.401	79.997	19.995	100.356	19.929	5.701	0.625
66.500	128.709	79.996	19.996	100.357	19.928	5.765	0.631
67.000	129.034	79.997	19.996	100.357	19.927	5.846	0.633
67.500	129.374	79.996	19.996	100.358	19.924	6.051	0.649
68.000	129.633	79.995	19.995	100.358	19.926	5.895	0.632
68.500	129.995	79.996	19.997	100.357	19.925	6.010	0.610
69.000	130.339	79.995	19.995	100.357	19.929	5.758	0.664
69.500	130.641	79.996	19.996	100.357	19.927	5.871	0.676
70.000	130.958	79.997	19.996	100.357	19.927	5.849	0.632
70.500	131.285	79.998	19.996	100.357	19.926	5.909	0.631
71.000	131.650	79.996	19.996	100.359	19.927	5.866	0.668
71.500	132.003	79.998	19.996	100.361	19.924	6.032	0.705
72.000	132.327	79.996	19.995	100.363	19.925	5.954	0.698
72.500	132.665	79.997	19.996	100.364	19.925	5.998	0.670
73.000	132.943	79.997	19.996	100.368	19.927	5.886	0.639
73.500	133.334	79.997	19.996	100.369	19.930	5.635	0.642
74.000	133.697	79.998	19.996	100.368	19.931	5.572	0.712
74.500	134.034	79.994	19.995	100.367	19.924	6.064	0.727
75.000	134.372	79.998	19.995	100.366	19.925	5.983	0.687
75.500	134.735	79.996	19.996	100.362	19.919	6.379	0.689
76.000	135.079	79.995	19.995	100.368	19.925	5.989	0.704
76.500	135.428	79.998	19.997	100.352	19.925	5.954	0.699
77.000	135.799	79.995	19.997	100.328	19.927	5.838	0.706
77.500	136.148	79.995	19.997	100.313	19.923	6.129	0.721
78.000	136.505	79.995	19.996	100.305	19.924	6.037	0.713
78.500	136.865	79.995	19.997	100.293	19.922	6.147	0.711
79.000	137.197	79.996	19.996	100.311	19.923	6.111	0.704
79.500	137.578	79.995	19.996	100.359	19.925	6.008	0.703
80.000	137.942	79.994	19.997	100.411	19.928	5.769	0.730
80.500	138.326	79.994	19.997	100.441	19.925	5.991	0.747
81.000	138.691	79.995	19.996	100.454	19.924	6.041	0.748
81.500	139.045	79.995	19.996	100.459	19.926	5.916	0.734
82.000	139.430	79.994	19.996	100.440	19.926	5.933	0.729
82.500	139.777	79.996	19.997	100.405	19.922	6.148	0.735
83.000	140.149	79.995	19.996	100.384	19.922	6.181	0.726
83.500	140.520	79.995	19.996	100.373	19.924	6.052	0.731
84.000	140.946	79.997	19.997	100.367	19.930	5.693	0.770
84.500	141.332	79.995	19.996	100.363	19.925	5.968	0.804
85.000	141.698	79.996	19.996	100.367	19.923	6.085	0.782
85.500	142.073	79.996	19.996	100.372	19.922	6.175	0.747
86.000	142.462	79.998	19.997	100.380	19.923	6.128	0.752
86.500	142.881	79.995	19.994	100.387	19.923	6.085	0.786
87.000	143.260	79.996	19.998	100.392	19.923	6.099	0.803
87.500	143.694	79.998	19.999	100.399	19.925	5.980	0.806
88.000	144.085	79.998	19.998	100.402	19.921	6.267	0.819
88.500	144.508	79.995	19.996	100.403	19.924	6.040	0.819
89.000	144.873	79.999	19.997	100.403	19.924	6.067	0.801
89.500	145.291	79.997	19.996	100.404	19.925	6.004	0.786
90.000	145.676	79.998	19.997	100.398	19.919	6.396	0.793
90.500	146.086	79.999	19.995	100.395	19.924	6.041	0.799
91.000	146.475	79.999	19.996	100.394	19.927	5.875	0.797
91.500	146.873	79.998	19.995	100.394	19.929	5.701	0.793
92.000	147.294	79.998	19.995	100.393	19.921	6.243	0.803
92.500	147.693	79.998	19.995	100.394	19.928	5.776	0.819
93.000	148.148	79.999	19.995	100.395	19.922	6.203	0.837
93.500	148.515	79.997	19.996	100.395	19.926	5.912	0.838
94.000	148.947	79.998	19.995	100.395	19.919	6.362	0.811
94.500	149.363	79.998	19.996	100.396	19.921	6.261	0.824
95.000	149.801	79.997	19.994	100.395	19.927	5.858	0.851
95.500	150.221	79.997	19.995	100.392	19.924	6.051	0.856
96.000	150.632	79.997	19.996	100.391	19.929	5.707	0.845
96.500	151.015	79.999	19.995	100.391	19.926	5.939	0.813
97.000	151.432	79.998	19.995	100.392	19.925	5.996	0.797
97.500	151.867	79.996	19.996	100.390	19.922	6.181	0.826
98.000	152.317	79.996	19.994	100.388	19.920	6.310	0.868
98.500	152.721	79.997	19.995	100.388	19.922	6.198	0.870
99.001	153.152	79.996	19.995	100.384	19.924	6.043	0.845
99.500	153.582	79.998	19.995	100.380	19.925	5.982	0.848
100.000	154.000	79.997	19.995	100.379	19.928	5.822	0.855
100.500	154.455	79.997	19.995	100.377	19.923	6.102	0.860
101.000	154.872	79.997	19.995	100.377	19.926	5.909	0.872
101.500	155.308	79.998	19.995	100.381	19.927	5.881	0.863
102.000	155.748	79.999	19.995	100.382	19.924	6.080	0.865
102.500	156.177	79.997	19.995	100.383	19.924	6.061	0.873
103.000	156.582	79.998	19.996	100.385	19.929	5.729	0.852
103.500	157.032	79.999	19.996	100.387	19.922	6.186	0.844
104.000	157.477	79.996	19.995	100.387	19.928	5.816	0.875
104.500	157.925	79.996	19.995	100.389	19.929	5.724	0.894
105.000	158.367	79.997	19.995	100.392	19.924	6.022	0.892
105.500	158.765	79.997	19.995	100.393	19.926	5.905	0.865
106.000	159.227	79.995	19.995	100.388	19.922	6.191	0.850
106.500	159.663	79.998	19.995	100.381	19.925	5.986	0.879
107.000	160.146	79.996	19.995	100.375	19.931	5.611	0.908
107.500	160.605	79.997	19.995	100.368	19.926	5.904	0.931
108.000	161.023	79.996	19.994	100.367	19.925	5.981	0.910
108.500	161.515	79.999	19.994	100.367	19.923	6.089	0.893
109.000	161.965	79.997	19.995	100.366	19.927	5.837	0.926
109.500	162.400	79.999	19.994	100.366	19.930	5.684	0.914
110.000	162.883	79.998	19.995	100.369	19.924	6.024	0.901
110.500	163.309	79.998	19.994	100.366	19.936	5.302	0.913
111.000	163.768	79.997	19.995	100.365	19.933	5.492	0.897
111.500	164.229	79.999	19.996	100.364	19.925	5.978	0.903
112.000	164.704	79.998	19.994	100.364	19.928	5.781	0.928
112.500	165.119	79.998	19.994	100.361	19.931	5.596	0.913
113.000	165.629	79.998	19.995	100.362	19.929	5.739	0.907
113.500	166.091	79.999	19.995	100.366	19.928	5.772	0.949
114.000	166.589	79.999	19.995	100.367	19.931	5.607	0.966
114.500	167.024	79.999	19.995	100.367	19.932	5.523	0.946
115.000	167.492	79.999	19.996	100.366	19.925	5.957	0.919
115.500	167.937	79.999	19.995	100.365	19.927	5.826	0.908
116.000	168.481	80.000	19.995	100.363	19.931	5.631	0.951
116.500	168.882	79.999	19.995	100.361	19.927	5.882	0.966
117.000	169.325	79.999	19.995	100.361	19.929	5.743	0.894
117.500	169.852	79.998	19.994	100.367	19.927	5.828	0.907
118.000	170.339	79.999	19.993	100.368	19.931	5.591	0.992
118.500	170.766	79.999	19.996	100.369	19.931	5.612	0.964
119.000	171.277	79.998	19.994	100.370	19.923	6.093	0.926
119.500	171.720	79.998	19.995	100.370	19.933	5.478	0.946
120.000	172.217	79.999	19.994	100.364	19.933	5.490	0.947
120.500	172.657	79.999	19.995	100.362	19.929	5.729	0.938
121.001	173.174	79.999	19.996	100.361	19.926	5.941	0.947
121.500	173.657	79.998	19.995	100.360	19.928	5.791	0.979
122.001	174.109	79.999	19.995	100.359	19.934	5.411	0.968
122.501	174.557	79.999	19.996	100.359	19.933	5.457	0.917
123.000	175.034	79.998	19.994	100.360	19.930	5.668	0.912
123.500	175.524	79.998	19.996	100.359	19.933	5.450	0.946
124.000	176.031	79.998	19.992	100.358	19.927	5.868	0.982
124.500	176.472	79.998	19.997	100.358	19.926	5.924	0.972
125.000	176.990	79.998	19.997	100.358	19.927	5.861	0.953
125.500	177.479	79.998	19.995	100.358	19.931	5.626	0.983
126.000	177.979	79.998	19.996	100.358	19.925	5.980	0.998
126.500	178.453	79.995	19.996	100.359	19.928	5.774	0.982
127.000	178.935	79.997	19.996	100.359	19.928	5.763	0.965
127.500	179.429	79.997	19.997	100.358	19.928	5.789	0.966
128.000	179.906	79.997	19.995	100.359	19.923	6.119	0.973
128.500	180.400	79.999	19.995	100.359	19.929	5.702	0.971
129.000	180.916	79.998	19.995	100.359	19.928	5.782	0.990
129.500	181.374	79.998	19.996	100.359	19.925	5.956	0.992
130.000	181.851	79.997	19.996	100.359	19.932	5.532	0.955
130.500	182.367	79.998	19.995	100.358	19.929	5.713	0.964
131.000	182.864	79.997	19.996	100.357	19.921	6.233	1.003
131.500	183.368	79.998	19.994	100.355	19.928	5.806	1.007
132.000	183.853	79.996	19.995	100.355	19.927	5.829	0.996
132.500	184.339	79.998	19.996	100.356	19.930	5.632	0.980
133.000	184.817	79.996	19.994	100.356	19.930	5.682	0.967
133.500	185.311	79.997	19.995	100.357	19.934	5.396	0.968
134.000	185.862	79.998	19.996	100.359	19.933	5.472	1.009
134.500	186.384	79.997	19.997	100.357	19.927	5.859	1.059
135.000	186.857	79.996	19.994	100.357	19.934	5.418	1.034
135.500	187.377	79.997	19.996	100.356	19.930	5.631	0.994
136.000	187.894	79.998	19.997	100.354	19.929	5.751	1.015
136.501	188.363	79.997	19.995	100.354	19.927	5.846	1.011
137.000	188.829	79.997	19.995	100.353	19.931	5.607	0.960
137.500	189.360	79.998	19.996	100.349	19.930	5.675	0.966
138.000	189.859	79.996	19.995	100.347	19.929	5.725	1.014
138.500	190.340	79.996	19.996	100.349	19.928	5.770	1.006
139.000	190.855	79.994	19.996	100.348	19.928	5.763	0.988
139.500	191.361	79.995	19.997	100.348	19.928	5.777	1.008
140.000	191.856	79.997	19.996	100.348	19.930	5.641	1.011
140.500	192.382	79.996	19.996	100.344	19.927	5.829	1.012
141.000	192.902	79.996	19.997	100.338	19.929	5.693	1.033
141.500	193.389	79.996	19.995	100.332	19.926	5.901	1.026
142.000	193.905	79.996	19.995	100.330	19.933	5.481	1.005
142.500	194.378	79.996	19.997	100.333	19.928	5.803	0.996
143.000	194.910	79.995	19.997	100.337	19.929	5.737	0.997
143.500	195.391	79.996	19.996	100.336	19.933	5.493	1.008
144.000	195.904	79.997	19.997	100.335	19.928	5.772	1.003
144.500	196.404	79.996	19.996	100.332	19.930	5.643	1.003
145.000	196.917	79.996	19.996	100.324	19.931	5.572	1.013
145.500	197.435	79.996	19.996	100.319	19.927	5.830	1.022
146.000	197.940	79.996	19.996	100.318	19.927	5.843	1.027
146.500	198.451	79.996	19.996	100.321	19.929	5.716	1.019
147.000	199.000	79.996	19.995	100.325	19.927	5.833	1.038
147.500	199.517	79.996	19.996	100.327	19.928	5.791	1.063
148.000	200.047	79.997	19.996	100.328	19.929	5.742	1.056
148.500	200.550	79.997	19.995	100.329	19.932	5.523	1.040
149.000	201.018	79.997	19.996	100.327	19.932	5.509	1.002
149.500	201.534	79.997	19.996	100.323	19.924	6.040	0.978
150.000	202.039	79.996	19.996	100.322	19.933	5.488	1.003
150.501	202.535	79.997	19.996	100.321	19.933	5.446	1.011
151.001	203.089	79.996	19.996	100.318	19.931	5.622	1.025
151.500	203.613	79.996	19.996	100.318	19.934	5.429	1.064
152.000	204.142	79.998	19.996	100.317	19.926	5.901	1.065
152.500	204.627	79.996	19.996	100.317	19.932	5.551	1.034
153.000	205.112	79.997	19.997	100.317	19.930	5.660	0.993
153.500	205.642	79.996	19.995	100.318	19.930	5.667	0.993
154.000	206.161	79.995	19.995	100.318	19.934	5.416	1.032
154.500	206.677	79.997	19.997	100.319	19.926	5.918	1.042
155.000	207.236	79.995	19.996	100.319	19.927	5.852	1.055
155.500	207.740	79.996	19.994	100.319	19.930	5.657	1.069
156.000	208.261	79.995	19.997	100.319	19.928	5.763	1.044
156.500	208.770	79.994	19.995	100.320	19.928	5.801	1.028
157.000	209.305	79.994	19.997	100.320	19.926	5.945	1.037
157.500	209.830	79.996	19.996	100.321	19.925	5.985	1.052
158.000	210.343	79.996	19.995	100.322	19.928	5.779	1.049
158.500	210.879	79.992	19.996	100.322	19.930	5.652	1.044
159.000	211.346	79.996	19.997	100.321	19.929	5.708	1.026
159.500	211.871	79.995	19.995	100.322	19.926	5.898	0.997
160.000	212.372	79.996	19.996	100.322	19.932	5.556	1.009
160.500	212.952	79.996	19.996	100.321	19.928	5.758	1.053
161.000	213.436	79.997	19.995	100.321	19.931	5.566	1.072
161.500	213.979	79.996	19.996	100.321	19.925	5.951	1.046
162.000	214.467	79.997	19.997	100.321	19.930	5.680	1.029
162.500	214.995	79.996	19.996	100.321	19.929	5.723	1.023
163.000	215.492	79.996	19.996	100.321	19.928	5.791	1.021
163.500	215.968	79.995	19.995	100.321	19.929	5.704	0.999
164.000	216.526	79.998	19.997	100.320	19.924	6.018	1.003
164.500	217.060	79.998	19.996	100.320	19.926	5.925	1.063
165.000	217.615	79.997	19.996	100.320	19.933	5.493	1.090
165.500	218.104	79.997	19.997	100.320	19.925	5.948	1.066
166.000	218.650	79.996	19.995	100.319	19.925	5.960	1.040
166.500	219.164	79.998	19.996	100.315	19.926	5.885	1.047
167.000	219.678	79.996	19.996	100.311	19.927	5.855	1.043
167.500	220.196	79.996	19.995	100.308	19.925	6.007	1.030
168.000	220.660	79.998	19.996	100.302	19.926	5.924	1.007
168.500	221.226	79.997	19.996	100.298	19.932	5.512	1.006
169.000	221.726	79.998	19.995	100.297	19.934	5.397	1.048
169.500	222.257	79.998	19.996	100.294	19.929	5.737	1.048
170.000	222.772	79.996	19.996	100.293	19.924	6.042	1.039
170.500	223.271	79.997	19.997	100.291	19.934	5.394	1.030
171.000	223.785	79.997	19.995	100.289	19.929	5.700	1.014
171.500	224.308	79.995	19.996	100.286	19.933	5.493	1.025
172.000	224.827	79.996	19.995	100.286	19.927	5.850	1.040
172.500	225.363	79.998	19.995	100.285	19.934	5.429	1.049
173.000	225.887	79.996	19.995	100.291	19.930	5.688	1.057
173.500	226.408	79.994	19.996	100.292	19.935	5.315	1.052
174.000	226.930	79.998	19.996	100.293	19.923	6.120	1.044
174.500	227.448	79.997	19.997	100.293	19.926	5.925	1.042
175.000	227.979	79.996	19.996	100.292	19.929	5.702	1.044
175.500	228.480	79.994	19.996	100.288	19.925	5.997	1.041
176.000	229.020	79.996	19.996	100.286	19.928	5.810	1.037
176.500	229.531	79.995	19.995	100.289	19.919	6.342	1.045
177.000	230.031	79.997	19.996	100.290	19.929	5.753	1.031
177.500	230.578	79.999	19.997	100.289	19.924	6.028	1.030
178.000	231.088	79.998	19.995	100.287	19.928	5.768	1.052
178.500	231.616	79.996	19.996	100.292	19.928	5.772	1.047
179.000	232.117	79.996	19.995	100.289	19.927	5.875	1.033
179.500	232.639	79.996	19.996	100.286	19.926	5.899	1.026
180.000	233.154	79.997	19.996	100.287	19.925	5.967	1.030
180.500	233.685	79.996	19.995	100.288	19.925	6.000	1.041
181.000	234.183	79.996	19.995	100.282	19.921	6.262	1.037
181.500	234.701	79.996	19.995	100.283	19.917	6.487	1.023
182.000	235.236	79.997	19.994	100.283	19.924	6.041	1.035
182.500	235.781	80.000	19.995	100.285	19.917	6.503	1.067
183.000	236.262	79.998	19.996	100.287	19.920	6.275	1.053
183.500	236.805	79.998	19.994	100.289	19.922	6.148	1.025
184.000	237.319	79.997	19.994	100.289	19.921	6.266	1.040
184.500	237.826	79.997	19.996	100.288	19.918	6.418	1.039
185.000	238.344	79.996	19.995	100.286	19.920	6.279	1.023
185.500	238.893	79.998	19.996	100.283	19.922	6.159	1.046
186.000	239.392	79.997	19.995	100.282	19.917	6.474	1.058
186.500	239.903	79.997	19.995	100.287	19.916	6.528	1.029
187.000	240.380	80.000	19.996	100.288	19.918	6.439	0.999
187.500	240.909	79.998	19.996	100.287	19.917	6.500	0.997
188.000	241.436	79.997	19.994	100.287	19.918	6.421	1.031
188.500	241.906	79.997	19.995	100.289	19.917	6.514	1.026
189.000	242.449	79.998	19.996	100.289	19.916	6.541	1.005
189.500	242.924	79.998	19.995	100.292	19.915	6.639	1.015
190.000	243.478	79.999	19.995	100.292	19.915	6.599	1.024
190.500	243.966	79.997	19.995	100.291	19.909	7.029	1.036
191.001	244.480	79.999	19.994	100.286	19.909	6.996	1.022
191.500	245.018	79.998	19.994	100.281	19.913	6.735	1.027
192.000	245.496	79.998	19.995	100.277	19.908	7.090	1.034
192.500	246.022	79.999	19.995	100.276	19.911	6.846	1.010
193.000	246.506	79.999	19.995	100.277	19.911	6.853	1.007
193.500	247.061	79.998	19.995	100.281	19.910	6.935	1.025
194.000	247.587	79.999	19.995	100.282	19.904	7.334	1.060
194.500	248.081	79.998	19.995	100.285	19.906	7.205	1.051
195.000	248.574	79.999	19.995	100.285	19.902	7.465	1.004
195.500	249.097	79.997	19.994	100.287	19.903	7.397	1.001
196.000	249.599	79.999	19.996	100.286	19.900	7.557	1.020
196.500	250.110	79.999	19.994	100.287	19.900	7.568	1.019
197.000	250.629	79.999	19.995	100.284	19.901	7.492	1.021
197.500	251.132	79.999	19.996	100.285	19.905	7.280	1.026
198.000	251.678	80.000	19.996	100.284	19.899	7.635	1.036
198.500	252.181	79.998	19.995	100.283	19.895	7.872	1.049
199.000	252.688	79.998	19.996	100.281	19.893	8.045	1.029
199.500	253.180	79.997	19.996	100.282	19.902	7.445	1.004
200.000	253.693	80.000	19.995	100.281	19.892	8.082	1.002
200.500	254.205	79.998	19.995	100.281	19.898	7.723	1.015
201.000	254.701	79.999	19.995	100.280	19.895	7.909	1.016
201.500	255.218	79.999	19.995	100.279	19.898	7.702	1.010
202.000	255.704	79.997	19.994	100.280	19.887	8.390	1.008
202.500	256.241	79.997	19.995	100.280	19.893	8.008	1.013
203.000	256.729	79.996	19.996	100.280	19.886	8.503	1.024
203.500	257.223	79.998	19.996	100.278	19.889	8.297	1.003
204.000	257.714	79.996	19.996	100.279	19.887	8.406	0.983
204.500	258.260	79.996	19.995	100.280	19.889	8.294	1.011
205.000	258.739	79.997	19.996	100.280	19.881	8.818	1.031
205.500	259.255	79.995	19.996	100.280	19.884	8.604	1.010
206.000	259.769	79.994	19.996	100.282	19.881	8.826	1.012
206.500	260.278	79.996	19.995	100.282	19.877	9.052	1.026
207.000	260.780	79.995	19.996	100.282	19.876	9.147	1.017
207.500	261.270	79.996	19.995	100.288	19.874	9.246	1.002
208.000	261.755	79.996	19.996	100.295	19.874	9.272	0.984
208.500	262.258	79.995	19.995	100.297	19.872	9.360	0.981
209.000	262.806	79.996	19.995	100.301	19.869	9.557	1.020
209.500	263.314	79.996	19.995	100.304	19.872	9.389	1.054
210.000	263.790	79.997	19.995	100.299	19.867	9.719	1.020
210.500	264.305	79.998	19.995	100.293	19.860	10.167	0.987
211.000	264.796	79.995	19.996	100.291	19.869	9.592	0.999
211.500	265.303	79.997	19.994	100.289	19.865	9.813	1.002
212.000	265.781	79.995	19.995	100.285	19.862	10.019	0.992
212.500	266.315	79.996	19.995	100.287	19.861	10.064	0.998
213.000	266.810	79.996	19.994	100.289	19.862	10.031	1.021
213.500	267.306	79.996	19.995	100.293	19.853	10.575	1.010
214.000	267.836	79.995	19.995	100.297	19.851	10.739	1.009
214.500	268.366	79.995	19.995	100.302	19.850	10.781	1.043
215.000	268.790	79.996	19.995	100.306	19.855	10.450	1.007
215.500	269.332	79.999	19.996	100.304	19.853	10.603	0.960
216.000	269.814	79.996	19.995	100.299	19.854	10.523	0.995
216.500	270.346	79.996	19.995	100.296	19.848	10.913	1.019
217.000	270.855	79.995	19.994	100.293	19.852	10.683	1.028
217.500	271.380	79.996	19.995	100.286	19.846	11.063	1.038
218.000	271.861	79.997	19.996	100.288	19.844	11.152	1.020
218.500	272.403	79.997	19.995	100.290	19.838	11.533	1.014
219.000	272.889	79.996	19.995	100.293	19.839	11.479	1.025
219.500	273.349	79.996	19.994	100.297	19.835	11.764	0.987
220.000	273.834	79.996	19.994	100.302	19.833	11.873	0.946
220.500	274.345	79.995	19.996	100.307	19.832	11.956	0.971
221.000	274.848	79.996	19.994	100.312	19.827	12.243	1.005
221.500	275.333	79.998	19.995	100.318	19.833	11.855	1.001
222.000	275.856	79.998	19.996	100.318	19.828	12.210	0.998
222.500	276.353	79.996	19.996	100.320	19.819	12.790	1.014
223.000	276.861	79.997	19.994	100.319	19.820	12.712	1.013
223.500	277.317	79.997	19.996	100.319	19.816	12.948	0.984
224.000	277.854	79.998	19.994	100.320	19.816	12.969	0.978
224.500	278.305	79.996	19.994	100.320	19.817	12.922	0.991
225.000	278.863	79.997	19.995	100.320	19.808	13.471	0.998
225.500	279.320	79.997	19.996	100.321	19.801	13.889	1.012
226.000	279.804	79.996	19.995	100.321	19.805	13.659	0.978
226.500	280.332	79.996	19.996	100.321	19.803	13.823	0.976
227.000	280.797	79.998	19.995	100.322	19.799	14.043	1.003
227.500	281.293	79.995	19.996	100.322	19.801	13.901	0.977
228.000	281.764	79.996	19.996	100.322	19.792	14.473	0.963
228.500	282.281	79.996	19.995	100.321	19.796	14.271	0.977
229.000	282.773	79.995	19.997	100.320	19.795	14.298	0.998
229.500	283.331	79.997	19.996	100.320	19.789	14.711	1.030
230.000	283.824	79.996	19.995	100.320	19.792	14.529	1.051
230.500	284.308	79.997	19.995	100.321	19.780	15.260	1.014
231.000	284.815	79.993	19.995	100.321	19.784	15.038	0.984
231.500	285.301	79.994	19.997	100.322	19.781	15.175	0.992
232.000	285.809	79.996	19.995	100.322	19.778	15.383	0.993
232.500	286.268	79.994	19.996	100.323	19.774	15.628	0.980
233.000	286.769	79.995	19.996	100.323	19.769	15.942	0.964
233.500	287.290	79.997	19.996	100.324	19.765	16.249	0.991
234.000	287.752	79.996	19.995	100.326	19.766	16.176	1.002
234.500	288.255	79.995	19.996	100.328	19.756	16.801	0.974
235.000	288.733	79.996	19.996	100.327	19.755	16.857	0.973
235.500	289.212	79.996	19.997	100.328	19.756	16.775	0.969
236.000	289.703	79.996	19.997	100.328	19.752	17.077	0.964
236.500	290.188	79.995	19.996	100.326	19.747	17.398	0.973
237.000	290.703	79.995	19.996	100.326	19.746	17.461	0.988
237.500	291.182	79.996	19.996	100.329	19.739	17.890	0.997
238.000	291.696	79.995	19.996	100.333	19.742	17.723	0.994
238.500	292.225	79.995	19.996	100.339	19.735	18.184	1.018
239.001	292.705	79.996	19.995	100.343	19.731	18.414	1.026
239.500	293.194	79.995	19.995	100.342	19.726	18.747	0.988
240.000	293.670	79.994	19.995	100.346	19.726	18.746	0.967
240.500	294.172	79.993	19.995	100.348	19.718	19.269	0.972
241.000	294.654	79.995	19.995	100.345	19.717	19.336	0.981
241.500	295.190	79.995	19.995	100.348	19.710	19.791	1.001
242.000	295.650	79.996	19.995	100.353	19.713	19.582	1.007
242.500	296.165	79.996	19.996	100.352	19.704	20.124	0.986
243.000	296.669	79.996	19.996	100.353	19.700	20.388	0.997
243.500	297.138	79.996	19.995	100.358	19.694	20.792	0.996
244.000	297.643	79.997	19.995	100.359	19.690	21.018	0.974
244.500	298.143	79.998	19.994	100.360	19.689	21.128	0.989
245.000	298.631	79.998	19.996	100.365	19.683	21.484	0.996
245.500	299.089	80.000	19.997	100.368	19.676	21.930	0.967
246.000	299.615	79.998	19.995	100.368	19.673	22.165	0.965
246.500	300.083	79.999	19.995	100.370	19.672	22.176	0.990
247.000	300.591	79.998	19.995	100.373	19.669	22.397	0.985
247.501	301.077	79.996	19.993	100.372	19.664	22.746	0.984
248.001	301.556	79.999	19.999	100.375	19.662	22.870	0.979
248.500	302.047	79.998	19.998	100.381	19.649	23.644	0.967
249.000	302.533	80.014	20.001	100.386	19.645	23.962	0.973
249.500	303.056	80.015	20.000	100.390	19.639	24.302	0.993
250.000	303.516	80.017	20.002	100.399	19.637	24.414	0.996
250.500	304.001	80.013	20.003	100.408	19.632	24.743	0.964
251.000	304.529	80.017	20.003	100.417	19.625	25.237	0.979
251.500	304.974	80.012	20.004	100.424	19.621	25.467	0.993
252.000	305.493	80.014	20.006	100.432	19.617	25.747	0.969
252.500	305.984	80.016	20.007	100.437	19.609	26.246	0.987
253.000	306.473	80.014	20.007	100.438	19.605	26.535	0.995
253.500	306.975	80.017	20.006	100.436	19.597	27.046	0.986
254.000	307.460	80.017	20.009	100.439	19.594	27.190	0.989
254.500	307.926	80.016	20.007	100.443	19.590	27.468	0.969
255.000	308.456	80.015	20.007	100.445	19.575	28.416	0.974
255.500	308.920	80.016	20.005	100.448	19.575	28.444	0.995
256.000	309.438	80.015	20.004	100.456	19.571	28.686	0.988
256.500	309.914	80.015	20.004	100.460	19.558	29.534	0.988
257.000	310.423	80.015	20.005	100.456	19.549	30.102	0.989
257.500	310.906	80.017	20.004	100.454	19.544	30.410	0.988
258.000	311.407	80.016	20.006	100.449	19.535	31.036	0.988
258.500	311.922	80.015	20.004	100.441	19.534	31.085	1.000
259.000	312.463	80.014	20.003	100.434	19.521	31.923	1.036
259.500	312.935	80.002	20.001	100.432	19.515	32.292	1.034
260.000	313.429	79.997	19.999	100.432	19.506	32.876	0.990
260.500	313.907	79.996	19.998	100.432	19.498	33.367	0.969
261.000	314.415	79.996	19.997	100.433	19.489	33.991	0.979
261.500	314.927	79.994	19.997	100.437	19.487	34.116	1.003
262.000	315.422	79.997	19.997	100.445	19.471	35.114	1.014
262.500	315.918	79.997	19.996	100.453	19.464	35.550	0.999
263.000	316.405	79.994	19.996	100.461	19.458	35.985	0.987
263.500	316.871	79.995	19.997	100.469	19.449	36.517	0.968
264.000	317.374	79.995	19.996	100.471	19.440	37.151	0.961
264.500	317.929	79.997	19.995	100.471	19.433	37.593	1.013
265.000	318.413	79.997	19.998	100.472	19.420	38.392	1.048
265.500	318.867	79.997	19.996	100.476	19.411	39.011	0.989
266.000	319.371	79.997	19.996	100.483	19.406	39.328	0.948
266.500	319.888	79.995	19.995	100.493	19.386	40.591	0.990
267.000	320.385	79.998	19.997	100.500	19.381	40.946	1.018
267.500	320.847	79.997	19.996	100.507	19.373	41.456	0.986
268.000	321.352	79.998	19.997	100.510	19.361	42.228	0.963
268.500	321.840	79.999	19.996	100.513	19.352	42.775	0.980
269.000	322.344	79.994	19.995	100.516	19.342	43.445	0.993
269.500	322.825	79.999	19.995	100.517	19.332	44.118	0.988
270.000	323.352	79.998	19.996	100.521	19.320	44.859	0.996
270.500	323.792	79.998	19.996	100.527	19.308	45.627	0.987
271.000	324.320	79.999	19.995	100.532	19.298	46.297	0.967
271.500	324.816	80.000	19.995	100.536	19.286	47.061	0.996
272.000	325.312	79.999	19.994	100.543	19.271	48.039	1.008
272.500	325.798	80.000	19.995	100.547	19.257	48.932	0.987
273.000	326.309	79.999	19.995	100.554	19.243	49.844	0.990
273.500	326.813	79.998	19.995	100.562	19.230	50.667	1.006
274.000	327.293	80.000	19.996	100.566	19.213	51.791	0.999
274.500	327.818	80.000	19.995	100.574	19.202	52.478	0.995
275.000	328.287	79.999	19.995	100.582	19.190	53.291	0.999
275.500	328.804	80.001	19.995	100.586	19.174	54.293	0.990
276.000	329.289	79.998	19.995	100.589	19.156	55.487	0.994
276.500	329.795	79.999	19.994	100.594	19.144	56.205	0.997
277.000	330.295	79.999	19.996	100.600	19.132	56.982	0.998
277.500	330.778	79.998	19.995	100.607	19.114	58.150	0.994
278.000	331.282	79.999	19.996	100.615	19.100	59.091	0.985
278.500	331.824	79.998	19.996	100.622	19.082	60.223	1.017
279.000	332.327	79.997	19.994	100.634	19.061	61.586	1.045
279.500	332.824	79.997	19.993	100.643	19.045	62.640	1.022
280.000	333.322	79.997	19.996	100.652	19.027	63.846	0.998
280.500	333.826	79.998	19.995	100.660	19.011	64.855	0.999
281.000	334.303	79.999	19.995	100.667	18.992	66.054	0.991
281.500	334.788	79.997	19.995	100.677	18.973	67.287	0.971
282.000	335.305	79.996	19.995	100.685	18.954	68.523	0.982
282.500	335.820	79.998	19.996	100.693	18.936	69.644	1.017
283.000	336.302	79.996	19.996	100.701	18.911	71.339	1.015
283.500	336.784	79.996	19.996	100.709	18.897	72.277	0.980
284.000	337.301	79.997	19.995	100.718	18.877	73.577	0.981
284.500	337.790	79.996	19.996	100.725	18.852	75.240	1.003
285.000	338.318	79.997	19.995	100.736	18.828	76.773	1.012
285.500	338.789	79.996	19.996	100.752	18.804	78.307	1.008
286.000	339.303	79.996	19.994	100.767	18.779	79.905	0.992
286.500	339.779	79.994	19.995	100.775	18.759	81.202	0.987
287.000	340.280	79.997	19.995	100.785	18.734	82.852	0.984
287.500	340.796	79.995	19.996	100.791	18.704	84.789	0.997
288.000	341.278	79.997	19.995	100.800	18.679	86.413	1.007
288.500	341.763	79.996	19.996	100.813	18.660	87.651	0.982
289.000	342.256	79.995	19.996	100.828	18.632	89.479	0.973
289.500	342.788	79.998	19.995	100.843	18.601	91.479	1.002
290.000	343.254	79.995	19.996	100.864	18.577	93.043	1.012
290.500	343.770	79.996	19.995	100.880	18.542	95.303	0.990
291.001	344.291	79.998	19.995	100.888	18.512	97.232	1.009
291.500	344.737	79.996	19.994	100.871	18.482	99.219	1.002
292.000	345.231	79.997	19.996	100.851	18.456	100.897	0.954
292.500	345.742	79.995	19.996	100.847	18.420	103.252	0.972
293.000	346.215	79.996	19.995	100.856	18.391	105.089	0.994
293.500	346.736	79.996	19.996	100.876	18.364	106.869	0.989
294.000	347.209	79.996	19.995	100.946	18.328	109.190	0.994
294.500	347.736	79.997	19.996	101.012	18.294	111.388	0.997
295.000	348.243	79.999	19.995	101.043	18.270	112.995	1.017
295.500	348.745	79.998	19.995	101.058	18.227	115.783	1.021
296.000	349.248	79.997	19.995	101.067	18.188	118.308	1.006
296.500	349.734	79.995	19.996	101.053	18.153	120.556	0.997
297.000	350.208	79.997	19.995	101.045	18.117	122.880	0.974
297.500	350.741	79.998	19.996	101.050	18.085	124.981	0.984
298.000	351.266	79.998	19.996	101.060	18.045	127.596	1.033
298.500	351.734	79.997	19.994	101.071	18.013	129.684	1.026
299.000	352.295	79.997	19.996	101.083	17.970	132.448	1.011
299.500	352.740	79.998	19.995	101.100	17.935	134.742	1.018
300.000	353.253	79.996	19.996	101.117	17.890	137.629	0.982
300.500	353.764	79.996	19.995	101.133	17.852	140.142	0.991
301.000	354.278	79.996	19.996	101.150	17.814	142.613	1.025
301.500	354.725	79.996	19.994	101.165	17.770	145.438	0.993
302.000	355.272	79.995	19.994	101.173	17.728	148.159	0.977
302.500	355.744	79.995	19.995	101.185	17.690	150.623	1.006
303.000	356.233	79.997	19.994	101.198	17.647	153.391	0.990
303.500	356.755	79.997	19.995	101.211	17.606	156.024	0.986
304.000	357.269	79.995	19.995	101.224	17.570	158.382	1.024
304.500	357.734	79.997	19.995	101.240	17.527	161.159	1.008
305.000	358.243	79.996	19.994	101.251	17.484	163.916	0.976
305.500	358.764	79.998	19.995	101.264	17.440	166.750	1.002
306.000	359.271	79.994	19.993	101.275	17.391	169.958	1.029
306.500	359.769	79.997	19.996	101.283	17.359	172.008	1.017
307.000	360.232	79.998	19.996	101.292	17.314	174.886	0.983
307.500	360.777	79.996	19.996	101.306	17.279	177.114	0.984
308.000	361.259	79.999	19.996	101.313	17.231	180.226	1.018
308.500	361.785	79.998	19.995	101.322	17.192	182.725	1.018
309.000	362.258	79.996	19.995	101.331	17.151	185.405	1.004
309.500	362.756	79.996	19.995	101.340	17.110	187.975	0.985
310.000	363.251	79.995	19.994	101.348	17.072	190.406	0.982
310.500	363.758	79.997	19.994	101.357	17.037	192.628	0.998
311.000	364.284	79.997	19.994	101.363	16.998	195.138	1.017
311.500	364.771	79.996	19.995	101.368	16.965	197.245	1.023
312.000	365.242	79.998	19.996	101.373	16.928	199.599	0.986
312.500	365.754	79.995	19.996	101.375	16.886	202.301	0.971
313.000	366.274	79.996	19.995	101.376	16.852	204.403	1.007
313.500	366.749	79.996	19.996	101.377	16.817	206.648	1.013
314.000	367.229	79.996	19.996	101.377	16.785	208.676	0.975
314.500	367.789	79.995	19.996	101.377	16.756	210.466	0.998
315.000	368.222	79.992	19.996	101.377	16.721	212.685	1.017
315.500	368.782	79.998	19.996	101.377	16.701	213.925	0.993
316.000	369.266	79.995	19.996	101.376	16.669	215.917	1.019
316.500	369.730	79.997	19.997	101.373	16.645	217.431	0.996
317.000	370.231	79.995	19.997	101.368	16.618	219.084	0.956
317.500	370.755	79.996	19.996	101.361	16.595	220.478	0.995
318.000	371.238	79.995	19.997	101.355	16.580	221.379	1.016
318.500	371.767	79.995	19.996	101.348	16.561	222.580	1.009
319.000	372.278	79.997	19.997	101.344	16.544	223.580	1.026
319.500	372.759	79.996	19.997	101.334	16.533	224.228	1.016
320.000	373.266	79.997	19.995	101.325	16.517	225.203	0.990
320.500	373.732	79.995	19.997	101.310	16.515	225.195	0.981
321.000	374.287	79.996	19.995	101.295	16.500	226.090	0.997
321.500	374.799	79.997	19.998	101.277	16.498	226.174	1.044
322.000	375.279	79.998	19.996	101.261	16.497	226.156	1.029
322.500	375.778	79.997	19.997	101.244	16.502	225.764	0.986
323.000	376.271	79.999	19.997	101.226	16.503	225.580	0.986
323.500	376.797	79.998	19.996	101.207	16.507	225.245	1.006
324.000	377.303	79.997	19.996	101.186	16.517	224.536	1.025
324.500	377.795	79.997	19.996	101.164	16.528	223.761	1.015
325.000	378.289	79.998	19.996	101.142	16.549	222.365	0.992
325.500	378.802	79.999	19.996	101.118	16.560	221.558	0.997
326.001	379.293	79.999	19.996	101.097	16.586	219.851	1.005
326.501	379.796	79.997	19.996	101.073	16.607	218.441	0.999
327.000	380.314	79.996	19.995	101.047	16.632	216.746	1.008
327.500	380.855	79.999	19.997	101.019	16.664	214.698	1.040
328.000	381.335	79.998	19.996	100.987	16.699	212.386	1.040
328.500	381.845	79.998	19.996	100.953	16.739	209.786	1.006
329.000	382.336	79.998	19.996	100.921	16.771	207.662	0.995
329.500	382.844	79.999	19.997	100.889	16.818	204.657	1.000
330.000	383.348	80.000	19.997	100.855	16.865	201.584	1.006
330.500	383.838	80.000	19.997	100.824	16.912	198.561	1.003
331.000	384.351	80.000	19.995	100.791	16.969	194.892	0.998
331.500	384.865	80.000	19.996	100.755	17.018	191.743	1.014
332.000	385.390	80.000	19.996	100.721	17.079	187.856	1.033
332.500	385.906	79.998	19.994	100.687	17.139	184.012	1.041
333.000	386.413	79.998	19.995	100.652	17.199	180.169	1.032
333.500	386.963	79.999	19.996	100.617	17.270	175.623	1.040
334.000	387.434	80.000	19.996	100.583	17.336	171.380	1.039
334.500	387.986	79.999	19.995	100.546	17.403	167.092	1.022
335.000	388.498	79.999	19.996	100.511	17.475	162.498	1.044
335.500	388.993	79.999	19.997	100.477	17.547	157.930	1.035
336.000	389.488	80.000	19.996	100.444	17.615	153.542	0.999
336.500	390.011	79.999	19.996	100.414	17.696	148.378	1.004
337.000	390.533	80.000	19.997	100.385	17.772	143.539	1.031
337.500	391.032	79.996	19.995	100.355	17.850	138.565	1.033
338.000	391.549	79.998	19.996	100.327	17.932	133.336	1.019
338.500	392.084	79.997	19.996	100.300	18.011	128.292	1.034
339.000	392.575	79.997	19.995	100.273	18.083	123.676	1.039
339.500	393.139	79.999	19.996	100.248	18.165	118.480	1.040
340.000	393.622	79.999	19.997	100.231	18.241	113.600	1.051
340.500	394.164	79.996	19.996	100.210	18.322	108.451	1.036
341.000	394.718	79.997	19.997	100.192	18.394	103.824	1.061
341.500	395.211	79.997	19.996	100.179	18.474	98.760	1.072
342.000	395.712	79.997	19.996	100.169	18.551	93.836	1.021
342.500	396.232	79.998	19.997	100.159	18.619	89.442	1.007
343.000	396.760	79.998	19.996	100.153	18.694	84.702	1.035
343.501	397.268	79.999	19.995	100.147	18.764	80.188	1.042
344.001	397.744	79.999	19.997	100.140	18.829	76.030	1.010
344.500	398.287	79.997	19.997	100.138	18.889	72.227	1.002
345.000	398.819	79.997	19.997	100.132	18.958	67.767	1.047
345.500	399.321	79.997	19.997	100.131	19.009	64.504	1.054
346.000	399.868	79.996	19.997	100.137	19.070	60.652	1.041
346.500	400.355	79.995	19.996	100.143	19.121	57.336	1.042
347.000	400.875	79.997	19.997	100.146	19.178	53.717	1.021
347.500	401.375	79.995	19.996	100.153	19.227	50.617	1.014
348.000	401.852	79.996	19.998	100.159	19.276	47.436	0.998
348.500	402.423	79.997	19.996	100.162	19.317	44.842	1.012
349.000	402.934	79.996	19.997	100.165	19.363	41.907	1.065
349.500	403.435	79.998	19.997	100.171	19.403	39.365	1.047
350.000	403.985	79.997	19.995	100.172	19.433	37.440	1.032
350.500	404.497	79.998	19.996	100.175	19.474	34.805	1.057
351.000	405.025	80.000	19.997	100.180	19.502	32.998	1.051
351.500	405.523	79.998	19.996	100.184	19.534	30.972	1.033
352.000	406.016	79.999	19.997	100.187	19.565	29.005	1.009
352.500	406.550	79.998	19.996	100.195	19.587	27.581	1.009
353.000	407.094	79.999	19.994	100.199	19.614	25.877	1.053
353.500	407.581	79.998	19.995	100.199	19.639	24.231	1.055
354.000	408.104	80.000	19.994	100.198	19.654	23.289	1.021
354.500	408.628	80.000	19.995	100.197	19.679	21.667	1.028
355.000	409.147	79.996	19.995	100.197	19.690	20.968	1.045
355.500	409.663	79.999	19.996	100.197	19.716	19.348	1.039
356.000	410.187	80.000	19.995	100.196	19.730	18.459	1.037
356.500	410.697	80.000	19.994	100.195	19.742	17.641	1.037
357.000	411.206	79.997	19.995	100.192	19.756	16.767	1.027
357.500	411.717	80.000	19.995	100.189	19.765	16.193	1.019
358.000	412.239	79.997	19.995	100.184	19.774	15.638	1.026
358.500	412.736	79.998	19.994	100.179	19.785	14.933	1.026
359.000	413.249	79.999	19.996	100.177	19.799	14.051	1.014
359.500	413.758	79.996	19.994	100.178	19.797	14.150	1.016
360.000	414.245	79.998	19.995	100.176	19.817	12.885	1.009
360.500	414.762	79.999	19.994	100.177	19.816	12.961	1.000
361.000	415.257	79.998	19.994	100.177	19.825	12.372	1.009
361.500	415.751	79.995	19.995	100.177	19.829	12.105	1.001
362.000	416.247	79.996	19.994	100.179	19.838	11.550	0.990
362.500	416.751	79.996	19.995	100.180	19.843	11.200	0.994
363.000	417.321	79.996	19.995	100.178	19.845	11.061	1.036
363.500	417.806	79.998	19.995	100.176	19.855	10.433	1.065
364.000	418.334	79.998	19.994	100.174	19.856	10.403	1.034
364.500	418.802	79.997	19.995	100.168	19.855	10.449	1.004
365.000	419.336	79.995	19.995	100.164	19.863	9.929	0.999
365.500	419.886	79.996	19.996	100.164	19.865	9.826	1.043
366.000	420.326	79.997	19.996	100.165	19.864	9.857	1.037
366.500	420.858	79.994	19.994	100.165	19.870	9.497	0.981
367.000	421.353	79.996	19.995	100.165	19.876	9.107	0.999
367.500	421.844	79.995	19.995	100.165	19.882	8.697	1.006
368.000	422.356	79.997	19.995	100.165	19.874	9.225	0.995
368.500	422.864	79.996	19.996	100.164	19.874	9.215	1.011
369.000	423.350	79.997	19.994	100.165	19.884	8.594	1.007
369.500	423.910	79.998	19.996	100.164	19.882	8.729	1.020
370.000	424.396	79.996	19.995	100.164	19.886	8.442	1.046
370.500	424.934	79.998	19.995	100.164	19.885	8.548	1.035
371.000	425.395	79.994	19.995	100.164	19.882	8.703	1.012
371.500	425.928	79.997	19.995	100.163	19.891	8.162	0.996
372.001	426.434	79.996	19.994	100.163	19.888	8.358	1.016
372.501	426.903	79.998	19.996	100.162	19.889	8.265	1.007
373.000	427.437	79.996	19.996	100.162	19.893	7.995	0.989
373.500	427.913	79.996	19.995	100.161	19.894	7.976	1.007
374.000	428.423	79.996	19.996	100.160	19.892	8.092	0.998
374.500	428.943	79.995	19.996	100.161	19.889	8.301	1.007
375.000	429.483	79.994	19.995	100.161	19.893	8.029	1.045
375.500	429.969	79.997	19.995	100.160	19.898	7.707	1.043
376.000	430.451	79.999	19.997	100.153	19.892	8.104	0.997
376.500	430.969	79.997	19.995	100.147	19.897	7.786	0.984
377.000	431.512	79.996	19.997	100.144	19.892	8.075	1.031
377.500	431.970	79.997	19.995	100.144	19.896	7.846	1.031
378.000	432.530	79.997	19.996	100.146	19.896	7.813	1.009
378.500	433.011	79.996	19.996	100.153	19.900	7.553	1.029
379.000	433.534	79.998	19.996	100.159	19.902	7.424	1.022
379.500	434.015	79.997	19.996	100.162	19.893	8.026	1.004
380.000	434.524	79.996	19.995	100.162	19.899	7.662	0.997
380.500	435.070	79.999	19.995	100.159	19.895	7.874	1.023
381.000	435.542	79.996	19.996	100.155	19.892	8.069	1.037
381.500	436.052	79.995	19.995	100.154	19.899	7.602	1.000
382.000	436.567	79.997	19.996	100.153	19.902	7.465	1.003
382.500	437.069	79.995	19.994	100.154	19.898	7.694	1.021
383.000	437.541	79.996	19.995	100.155	19.901	7.511	0.995
383.500	438.096	79.996	19.996	100.159	19.903	7.396	1.000
384.000	438.604	79.998	19.996	100.160	19.902	7.432	1.045
384.500	439.076	79.999	19.996	100.160	19.903	7.401	1.022
385.000	439.594	79.998	19.996	100.155	19.900	7.552	0.985
385.500	440.140	79.997	19.997	100.152	19.904	7.338	1.027
386.000	440.564	79.996	19.995	100.150	19.902	7.443	1.017
386.500	441.118	79.998	19.996	100.150	19.905	7.276	0.974
387.000	441.631	79.997	19.995	100.152	19.901	7.480	1.023
387.500	442.152	79.997	19.995	100.157	19.907	7.114	1.051
388.000	442.581	79.997	19.995	100.160	19.895	7.873	0.992
388.500	443.118	79.996	19.995	100.162	19.900	7.567	0.958
389.000	443.632	79.996	19.996	100.161	19.903	7.362	1.009
389.500	444.120	79.997	19.996	100.158	19.904	7.293	1.026
390.000	444.649	79.995	19.995	100.156	19.895	7.906	1.009
390.500	445.139	79.999	19.995	100.154	19.909	7.013	1.018
391.000	445.636	79.997	19.996	100.153	19.909	6.990	1.004
391.501	446.154	79.997	19.995	100.147	19.898	7.671	1.001
392.000	446.643	79.996	19.995	100.144	19.914	6.672	1.011
392.500	447.154	79.999	19.995	100.141	19.915	6.615	1.004
393.000	447.681	79.997	19.996	100.142	19.912	6.811	1.019
393.500	448.165	79.996	19.995	100.142	19.907	7.099	1.024
394.000	448.619	79.995	19.996	100.148	19.902	7.411	0.974
394.500	449.178	79.996	19.996	100.147	19.918	6.433	0.976
395.000	449.648	79.996	19.995	100.149	19.906	7.161	1.021
395.500	450.156	79.998	19.996	100.148	19.905	7.238	1.003
396.000	450.659	79.997	19.996	100.148	19.906	7.154	0.995
396.500	451.154	79.996	19.995	100.144	19.904	7.317	1.005
397.000	451.617	79.995	19.995	100.150	19.904	7.295	0.978
397.500	452.232	79.995	19.995	100.151	19.901	7.531	1.017
398.000	452.649	79.997	19.996	100.154	19.907	7.089	1.055
398.500	453.210	79.997	19.995	100.155	19.908	7.088	1.005
399.000	453.635	79.998	19.996	100.158	19.908	7.053	0.983
399.500	454.212	79.997	19.995	100.159	19.912	6.818	0.994
400.000	454.662	79.996	19.995	100.158	19.917	6.487	1.014
400.500	455.188	79.997	19.996	100.152	19.917	6.478	1.001
401.000	455.594	79.997	19.997	100.150	19.918	6.393	0.954
401.500	456.241	79.997	19.996	100.151	19.908	7.084	0.993
402.000	456.628	79.997	19.995	100.149	19.910	6.937	1.043
402.500	457.222	79.995	19.996	100.151	19.916	6.532	1.007
403.000	457.657	79.996	19.995	100.151	19.909	7.017	1.005
403.500	458.178	79.998	19.996	100.148	19.910	6.953	0.993
404.000	458.482	79.999	19.995	100.142	19.911	6.857	0.890
404.500	459.544	79.998	19.995	100.139	19.912	6.782	1.095
405.000	459.447	79.996	19.996	100.140	19.914	6.683	1.165
405.500	459.744	79.996	19.995	100.142	19.911	6.842	0.582
406.000	460.491	79.997	19.996	100.148	19.910	6.930	0.622
406.500	461.315	79.998	19.995	100.151	19.910	6.949	1.308
407.000	462.087	79.998	19.996	100.149	19.914	6.678	1.584
407.500	462.725	79.998	19.997	100.146	19.915	6.618	1.503
408.000	462.491	79.996	19.996	100.144	19.917	6.509	0.907
408.500	463.091	79.998	19.997	100.142	19.912	6.818	0.385
409.000	463.745	79.998	19.997	100.145	19.914	6.691	0.810
409.500	464.203	79.998	19.996	100.149	19.910	6.933	1.183
410.000	464.767	79.999	19.996	100.146	19.913	6.752	1.067
410.500	465.058	79.997	19.996	100.143	19.914	6.654	0.939
411.000	465.749	79.998	19.996	100.143	19.916	6.574	0.918
411.500	466.144	79.998	19.995	100.140	19.915	6.621	1.034
412.000	466.674	79.997	19.995	100.141	19.910	6.958	1.006
412.500	467.188	80.000	19.996	100.147	19.915	6.636	0.985
413.000	467.690	79.996	19.996	100.154	19.915	6.598	1.030
413.500	468.179	79.998	19.996	100.157	19.919	6.328	1.004
414.000	468.629	79.998	19.996	100.160	19.916	6.525	0.965
414.500	469.257	79.996	19.996	100.160	19.913	6.739	1.008
415.000	469.693	79.997	19.996	100.161	19.914	6.691	1.071
415.500	470.166	79.998	19.996	100.161	19.921	6.251	0.987
416.000	470.725	79.997	19.996	100.160	19.917	6.484	0.971
416.500	471.211	79.998	19.997	100.160	19.920	6.286	1.038
417.000	471.698	79.997	19.995	100.161	19.914	6.700	1.009
417.500	472.200	79.996	19.996	100.156	19.928	5.778	0.981
418.000	472.719	79.997	19.996	100.154	19.916	6.543	1.005
418.500	473.137	79.998	19.996	100.153	19.918	6.431	0.979
419.000	473.718	79.996	19.996	100.152	19.918	6.393	0.968
419.500	474.207	79.996	19.995	100.147	19.925	5.997	1.035
420.000	474.722	79.997	19.996	100.145	19.918	6.447	1.037
420.500	475.184	79.996	19.996	100.145	19.918	6.433	0.990
421.000	475.757	79.998	19.995	100.143	19.919	6.348	1.006
421.500	476.253	79.995	19.995	100.139	19.924	6.050	1.052
422.000	476.739	79.998	19.997	100.136	19.919	6.346	1.025
422.500	477.240	79.999	19.996	100.136	19.913	6.728	0.984
423.000	477.692	79.999	19.995	100.132	19.920	6.302	0.970
423.500	478.192	79.996	19.995	100.131	19.922	6.158	0.952
424.001	478.757	79.998	19.996	100.132	19.921	6.208	1.008
424.500	479.188	79.997	19.996	100.133	19.918	6.436	1.031
425.000	479.675	79.997	19.996	100.134	19.920	6.309	0.957
425.500	480.211	79.999	19.996	100.138	19.919	6.354	0.970
426.000	480.701	79.997	19.995	100.143	19.924	6.027	1.025
426.500	481.241	79.997	19.997	100.146	19.927	5.860	1.028
427.000	481.689	79.998	19.996	100.151	19.925	5.984	1.009
427.500	482.264	79.993	19.995	100.151	19.923	6.071	1.005
428.000	482.710	79.997	19.995	100.150	19.920	6.309	1.022
428.500	483.259	79.999	19.996	100.144	19.927	5.834	1.008
429.000	483.756	79.997	19.996	100.141	19.921	6.225	1.020
429.500	484.233	80.000	19.997	100.140	19.930	5.665	1.010
430.000	484.740	79.996	19.996	100.143	19.926	5.929	0.979
430.500	485.226	79.998	19.995	100.142	19.925	6.001	0.988
431.000	485.767	79.997	19.995	100.144	19.929	5.728	1.010
431.500	486.304	79.994	19.995	100.145	19.928	5.747	1.052
432.000	486.748	79.996	19.997	100.140	19.929	5.719	1.030
432.500	487.232	79.998	19.997	100.135	19.924	6.039	0.955
433.000	487.770	79.997	19.996	100.134	19.930	5.660	0.975
433.500	488.242	79.997	19.996	100.132	19.924	6.041	1.016
434.000	488.751	79.997	19.996	100.129	19.925	5.957	0.995
434.500	489.314	79.998	19.996	100.128	19.932	5.533	1.026
435.000	489.781	79.999	19.996	100.127	19.932	5.533	1.051
435.500	490.301	80.000	19.997	100.124	19.927	5.818	1.009
436.000	490.808	79.999	19.997	100.123	19.932	5.534	1.007
436.500	491.308	79.999	19.996	100.126	19.929	5.738	1.017
437.000	491.780	79.995	19.996	100.131	19.927	5.846	0.989
437.500	492.278	79.998	19.996	100.131	19.937	5.194	0.971
438.000	492.787	80.000	19.997	100.131	19.930	5.641	0.989
438.500	493.321	79.999	19.995	100.131	19.932	5.493	1.025
439.000	493.828	79.998	19.997	100.129	19.930	5.658	1.042
439.500	494.375	79.997	19.995	100.124	19.934	5.399	1.047
440.000	494.844	79.995	19.995	100.125	19.928	5.761	1.035
440.500	495.386	79.996	19.997	100.124	19.929	5.714	1.013
441.000	495.896	79.996	19.996	100.125	19.938	5.168	1.032
441.500	496.379	79.994	19.996	100.124	19.929	5.696	1.023
442.000	496.892	79.998	19.995	100.127	19.936	5.298	0.995
442.500	497.396	79.996	19.996	100.127	19.937	5.206	1.006
443.000	497.911	79.996	19.996	100.128	19.935	5.359	1.018
443.500	498.453	79.995	19.997	100.129	19.932	5.502	1.038
444.000	498.946	79.995	19.995	100.128	19.929	5.702	1.046
444.500	499.427	79.998	19.995	100.126	19.945	4.676	1.004
445.000	499.934	79.999	19.995	100.125	19.932	5.504	0.981
445.500	500.452	79.998	19.996	100.124	19.932	5.524	1.007
446.000	500.948	79.997	19.996	100.123	19.937	5.199	1.020
446.500	501.464	79.998	19.995	100.122	19.934	5.375	1.013
447.000	501.978	79.998	19.996	100.121	19.931	5.601	1.021
447.500	502.477	79.997	19.995	100.122	19.928	5.773	1.022
448.000	502.980	79.996	19.996	100.122	19.936	5.244	1.008
448.500	503.506	79.996	19.996	100.122	19.931	5.564	1.015
449.000	503.998	79.996	19.996	100.122	19.936	5.289	1.023
449.500	504.539	79.996	19.995	100.122	19.940	4.999	1.026
450.000	504.999	79.997	19.995	100.122	19.937	5.183	1.017
450.500	505.516	79.996	19.996	100.122	19.940	5.041	0.989
451.000	506.031	79.997	19.995	100.123	19.936	5.246	1.004
451.500	506.540	80.000	19.997	100.123	19.936	5.256	1.028
452.000	507.043	79.998	19.996	100.123	19.939	5.058	1.018
452.500	507.557	79.997	19.995	100.124	19.937	5.216	1.015
453.000	508.066	79.996	19.995	100.124	19.936	5.289	1.020
453.500	508.591	79.996	19.996	100.123	19.939	5.060	1.029
454.001	509.097	79.997	19.996	100.125	19.936	5.258	1.033
454.500	509.598	79.997	19.996	100.127	19.945	4.682	1.019
455.000	510.093	79.998	19.997	100.130	19.942	4.885	1.001
455.500	510.597	79.996	19.995	100.131	19.943	4.819	0.997
456.000	511.128	79.998	19.996	100.131	19.943	4.842	1.017
456.500	511.621	80.000	19.997	100.129	19.946	4.637	1.029
457.000	512.148	79.995	19.996	100.126	19.950	4.372	1.022
457.500	512.590	79.999	19.996	100.123	19.944	4.734	0.995
458.000	513.121	79.995	19.995	100.121	19.940	4.992	0.971
458.500	513.649	79.997	19.996	100.120	19.940	4.995	1.016
459.000	514.161	79.997	19.996	100.121	19.941	4.948	1.050
459.500	514.679	79.998	19.996	100.120	19.946	4.613	1.035
460.000	515.187	79.996	19.995	100.120	19.951	4.308	1.028
460.500	515.670	79.997	19.995	100.120	19.948	4.477	1.009
461.000	516.224	79.995	19.994	100.124	19.947	4.590	1.014
461.500	516.705	79.996	19.994	100.124	19.950	4.391	1.036
462.000	517.238	79.997	19.996	100.125	19.952	4.240	1.025
462.500	517.723	79.999	19.995	100.125	19.950	4.357	1.016
463.000	518.294	79.998	19.996	100.125	19.945	4.713	1.037
463.500	518.772	79.995	19.994	100.121	19.946	4.597	1.053
464.000	519.295	79.996	19.996	100.121	19.952	4.254	1.025
464.500	519.811	79.996	19.995	100.121	19.952	4.244	1.020
465.000	520.338	79.996	19.995	100.120	19.950	4.359	1.041
465.500	520.805	79.997	19.995	100.119	19.947	4.568	1.018
466.000	521.317	79.996	19.996	100.113	19.951	4.333	0.986
466.500	521.860	79.995	19.996	100.111	19.949	4.409	1.017
467.001	522.328	79.997	19.996	100.112	19.948	4.521	1.034
467.500	522.816	79.997	19.995	100.112	19.953	4.190	0.984
468.000	523.363	79.994	19.995	100.114	19.954	4.110	0.995
468.500	523.852	79.996	19.995	100.120	19.949	4.423	1.035
469.000	524.405	79.999	19.995	100.123	19.952	4.216	1.039
469.500	524.912	79.996	19.995	100.122	19.950	4.395	1.051
470.000	525.444	79.996	19.995	100.122	19.951	4.318	1.049
470.500	525.898	79.994	19.995	100.122	19.950	4.398	1.012
471.000	526.451	79.993	19.996	100.122	19.953	4.150	0.997
471.500	526.932	79.997	19.996	100.122	19.950	4.383	1.021
472.000	527.473	79.997	19.996	100.117	19.952	4.263	1.028
472.500	527.979	79.995	19.995	100.116	19.949	4.435	1.034
473.000	528.468	79.996	19.995	100.117	19.948	4.487	1.021
473.500	529.020	79.997	19.994	100.117	19.952	4.228	1.018
474.000	529.513	79.998	19.996	100.117	19.952	4.274	1.043
474.500	530.048	79.995	19.995	100.123	19.955	4.061	1.037
475.000	530.551	79.997	19.996	100.123	19.953	4.192	1.033
475.500	531.058	79.998	19.997	100.124	19.955	4.073	1.024
476.000	531.565	79.996	19.996	100.125	19.954	4.117	1.012
476.500	532.105	79.997	19.996	100.127	19.951	4.284	1.031
477.000	532.594	79.995	19.994	100.127	19.948	4.494	1.038
477.500	533.093	79.995	19.996	100.127	19.958	3.854	1.009
478.000	533.625	79.998	19.995	100.126	19.953	4.202	1.010
478.500	534.132	79.997	19.995	100.120	19.955	4.073	1.035
479.000	534.702	79.996	19.996	100.119	19.948	4.480	1.058
479.500	535.172	79.998	19.995	100.113	19.953	4.154	1.058
480.000	535.750	79.996	19.995	100.110	19.958	3.861	1.044
480.500	536.259	79.996	19.994	100.110	19.952	4.227	1.067
481.000	536.745	79.996	19.994	100.114	19.951	4.291	1.041
481.500	537.257	79.997	19.995	100.113	19.957	3.901	0.997
482.000	537.777	79.998	19.995	100.118	19.958	3.863	1.015
482.500	538.301	79.995	19.995	100.119	19.954	4.086	1.038
483.000	538.817	79.995	19.995	100.120	19.955	4.070	1.042
483.500	539.303	80.000	19.995	100.121	19.952	4.235	1.021
484.000	539.809	79.998	19.995	100.122	19.951	4.312	0.997
484.500	540.354	79.999	19.996	100.122	19.958	3.889	1.021
485.000	540.881	79.998	19.995	100.123	19.959	3.802	1.061
485.500	541.377	79.999	19.994	100.121	19.961	3.678	1.048
486.000	541.904	79.999	19.994	100.120	19.958	3.883	1.023
486.501	542.394	79.997	19.995	100.119	19.956	3.976	1.020
487.000	542.936	79.998	19.994	100.118	19.955	4.068	1.024
487.500	543.410	79.996	19.995	100.119	19.962	3.605	1.024
488.000	543.910	79.997	19.994	100.118	19.960	3.706	0.996
488.500	544.415	79.997	19.997	100.118	19.959	3.828	0.990
489.000	544.916	79.998	19.995	100.120	19.955	4.027	1.005
489.500	545.413	79.999	19.996	100.120	19.957	3.922	1.002
490.000	545.927	79.996	19.995	100.122	19.951	4.312	1.005
490.500	546.507	79.996	19.994	100.125	19.959	3.771	1.052
491.000	546.990	79.994	19.994	100.125	19.957	3.926	1.078
491.500	547.483	79.997	19.994	100.124	19.955	4.068	1.020
492.000	548.000	79.996	19.996	100.125	19.955	4.021	0.993
492.500	548.550	79.997	19.995	100.124	19.961	3.651	1.039
493.000	549.032	79.997	19.996	100.123	19.956	3.998	1.050
493.500	549.552	79.999	19.996	100.123	19.958	3.859	1.017
494.000	550.071	79.996	19.996	100.124	19.958	3.851	1.021
494.500	550.596	79.995	19.994	100.123	19.958	3.873	1.041
495.000	551.087	79.996	19.995	100.120	19.957	3.911	1.029
495.500	551.635	79.999	19.995	100.119	19.955	4.038	1.027
496.000	552.144	79.996	19.998	100.116	19.965	3.400	1.048
496.500	552.647	79.994	19.996	100.112	19.962	3.607	1.035
497.000	553.181	79.996	19.995	100.110	19.961	3.682	1.025
497.500	553.660	79.995	19.996	100.112	19.959	3.821	1.025
498.000	554.192	79.996	19.995	100.113	19.961	3.656	1.012
498.500	554.712	79.996	19.995	100.116	19.962	3.579	1.031
499.000	555.233	79.997	19.996	100.120	19.961	3.678	1.047
499.500	555.766	79.998	19.997	100.122	19.959	3.785	1.048
500.000	556.275	79.997	19.996	100.122	19.958	3.851	1.048
500.500	556.761	79.997	19.995	100.122	19.963	3.551	1.018
501.000	557.268	79.997	19.995	100.121	19.963	3.565	0.994
501.500	557.788	79.996	19.997	100.120	19.959	3.805	1.010
502.000	558.250	79.996	19.995	100.120	19.967	3.308	1.005
502.500	558.802	79.998	19.996	100.119	19.964	3.480	0.998
503.000	559.332	79.997	19.995	100.118	19.957	3.908	1.048
503.500	559.802	79.997	19.996	100.117	19.963	3.527	1.041
504.000	560.339	79.997	19.995	100.116	19.961	3.645	1.003
504.500	560.827	79.997	19.995	100.115	19.961	3.647	1.016
505.000	561.360	79.998	19.996	100.114	19.964	3.508	1.024
505.500	561.859	79.996	19.995	100.111	19.965	3.440	1.027
506.000	562.378	79.997	19.996	100.112	19.961	3.652	1.025
506.500	562.877	79.999	19.995	100.113	19.963	3.568	1.018
507.000	563.375	80.000	19.997	100.113	19.962	3.582	1.007
507.500	563.930	79.996	19.996	100.113	19.963	3.511	1.025
508.000	564.437	79.998	19.996	100.113	19.963	3.539	1.058
508.500	564.934	79.999	19.996	100.115	19.957	3.897	1.033
509.000	565.407	79.998	19.996	100.115	19.962	3.629	0.987
509.500	565.961	79.998	19.996	100.116	19.959	3.772	0.998
510.000	566.420	79.996	19.996	100.116	19.959	3.828	1.020
510.500	566.975	80.001	19.996	100.119	19.961	3.694	1.013
511.000	567.484	79.999	19.996	100.116	19.962	3.603	1.039
511.500	568.004	79.997	19.996	100.115	19.968	3.198	1.047
512.000	568.498	80.000	19.996	100.111	19.967	3.259	1.022
512.500	569.013	79.999	19.996	100.111	19.963	3.565	1.011
513.000	569.507	80.000	19.996	100.111	19.962	3.631	1.009
513.500	570.076	79.999	19.996	100.113	19.964	3.468	1.037
514.000	570.559	79.998	19.995	100.114	19.962	3.581	1.058
514.500	571.034	79.996	19.997	100.116	19.968	3.210	1.005
515.000	571.557	80.000	19.997	100.115	19.967	3.280	0.978
515.501	572.068	79.998	19.996	100.109	19.968	3.240	1.016
516.000	572.601	79.997	19.996	100.107	19.967	3.304	1.039
516.500	573.128	79.997	19.997	100.107	19.962	3.596	1.052
517.000	573.645	79.996	19.995	100.105	19.961	3.643	1.052
517.500	574.169	79.998	19.996	100.103	19.963	3.511	1.042
518.000	574.666	79.996	19.995	100.105	19.964	3.502	1.031
518.500	575.185	79.997	19.997	100.108	19.962	3.622	1.019
519.000	575.714	79.996	19.997	100.108	19.965	3.437	1.032
519.500	576.222	79.996	19.998	100.107	19.962	3.578	1.042
520.000	576.780	79.995	19.995	100.106	19.968	3.229	1.052
520.501	577.222	79.996	19.996	100.108	19.958	3.850	1.033
521.001	577.756	79.996	19.996	100.107	19.960	3.711	0.988
521.500	578.243	79.995	19.997	100.108	19.969	3.146	0.998
522.000	578.774	79.995	19.996	100.112	19.965	3.436	1.019
522.500	579.280	79.996	19.996	100.117	19.967	3.310	1.027
523.000	579.767	79.995	19.997	100.119	19.965	3.438	1.015
523.500	580.260	79.996	19.997	100.116	19.961	3.650	0.987
524.000	580.813	79.994	19.996	100.114	19.966	3.382	1.013
524.500	581.318	79.996	19.996	100.113	19.966	3.355	1.052
525.000	581.833	79.999	19.998	100.111	19.969	3.171	1.039
525.500	582.339	79.996	19.996	100.109	19.960	3.753	1.021
526.000	582.833	79.995	19.996	100.108	19.966	3.364	1.010
526.500	583.359	79.996	19.997	100.107	19.964	3.503	1.010
527.000	583.864	79.997	19.997	100.107	19.962	3.589	1.026
527.500	584.337	79.996	19.996	100.106	19.962	3.610	1.005
528.001	584.883	79.996	19.997	100.102	19.962	3.582	0.998
528.500	585.382	79.996	19.997	100.097	19.960	3.727	1.032
529.000	585.886	79.996	19.997	100.097	19.964	3.492	1.024
529.501	586.421	79.997	19.997	100.091	19.962	3.593	1.021
530.000	586.934	79.998	19.995	100.089	19.963	3.567	1.044
530.500	587.422	79.996	19.995	100.091	19.963	3.570	1.025
531.000	587.950	79.997	19.996	100.101	19.961	3.685	1.009
531.500	588.435	79.996	19.995	100.096	19.965	3.433	1.015
532.000	588.900	79.998	19.996	100.066	19.962	3.605	0.981
532.500	589.429	79.995	19.995	100.044	19.963	3.541	0.972
533.000	589.938	79.996	19.994	100.034	19.964	3.478	1.016
533.500	590.440	79.996	19.995	100.023	19.966	3.328	1.025
534.001	590.956	79.996	19.995	100.044	19.964	3.479	1.014
534.500	591.457	79.996	19.994	100.112	19.966	3.347	1.017
535.000	591.996	79.996	19.994	100.151	19.966	3.372	1.029
535.500	592.437	79.996	19.996	100.168	19.971	3.052	1.010
536.000	592.968	79.996	19.996	100.178	19.970	3.101	0.976
536.500	593.522	79.997	19.994	100.164	19.969	3.184	1.028
537.000	593.997	79.998	19.996	100.128	19.968	3.249	1.057
537.500	594.508	79.998	19.996	100.111	19.966	3.348	1.008
538.001	595.024	79.996	19.995	100.104	19.963	3.551	1.006
538.500	595.549	79.997	19.995	100.102	19.965	3.384	1.034
539.000	596.112	79.996	19.996	100.100	19.965	3.422	1.065
539.500	596.560	79.995	19.994	100.100	19.967	3.273	1.049
540.000	597.098	79.997	19.995	100.100	19.973	2.883	0.999
540.500	597.585	79.997	19.995	100.103	19.968	3.233	1.006
541.000	598.061	79.998	19.996	100.102	19.967	3.307	0.994
541.500	598.629	79.996	19.995	100.101	19.968	3.233	1.003
542.000	599.089	79.996	19.996	100.103	19.955	4.022	1.036
542.500	599.645	79.995	19.995	100.106	19.979	2.539	1.022
543.000	600.135	79.997	19.995	100.106	19.970	3.120	1.031
543.500	600.653	79.996	19.995	100.103	19.962	3.593	1.027
544.000	601.151	79.996	19.995	100.102	19.969	3.142	1.012
544.500	601.704	79.997	19.995	100.099	19.963	3.560	1.034
545.000	602.149	79.997	19.995	100.095	19.971	3.009	1.025
545.500	602.651	79.996	19.995	100.093	19.966	3.375	0.972
546.000	603.184	79.996	19.995	100.097	19.970	3.125	0.991
546.501	603.691	79.995	19.995	100.100	19.970	3.099	1.037
547.000	604.171	79.995	19.996	100.106	19.968	3.193	1.013
547.500	604.685	79.996	19.995	100.111	19.968	3.215	0.990
548.000	605.171	79.997	19.995	100.114	19.972	2.993	0.997
548.500	605.731	79.997	19.996	100.112	19.968	3.217	1.023
549.000	606.249	79.995	19.995	100.109	19.968	3.203	1.062
549.500	606.751	79.997	19.996	100.105	19.973	2.929	1.049
550.000	607.244	79.996	19.996	100.099	19.969	3.139	1.007
550.500	607.726	79.996	19.996	100.095	19.954	4.123	0.985
551.001	608.251	79.995	19.995	100.094	19.951	4.307	0.992
551.500	608.721	79.997	19.996	100.098	19.968	3.225	1.002
552.000	609.268	79.995	19.995	100.101	19.970	3.123	1.006
552.500	609.734	79.993	19.995	100.105	19.966	3.359	1.014
553.000	610.233	79.992	19.996	100.105	19.973	2.916	0.989
553.500	610.794	79.995	19.995	100.103	19.969	3.178	1.013
554.000	611.289	79.995	19.996	100.101	19.969	3.161	1.058
554.500	611.717	79.995	19.997	100.104	19.966	3.333	0.989
555.000	612.296	79.996	19.995	100.105	19.971	3.013	0.965
555.500	612.936	79.995	19.996	100.104	19.967	3.256	1.113
556.000	613.104	79.994	19.995	100.106	19.970	3.065	1.014
556.500	613.820	79.994	19.995	100.103	19.971	3.055	0.846
557.000	614.261	79.994	19.994	100.100	19.970	3.121	1.021
557.500	614.806	79.996	19.995	100.103	19.973	2.888	1.071
558.000	615.355	79.995	19.995	100.102	19.970	3.090	1.040
558.500	615.813	79.998	19.996	100.102	19.971	3.010	1.050
559.000	616.359	79.997	19.995	100.107	19.968	3.229	1.005
559.500	616.875	79.997	19.996	100.109	19.968	3.227	1.033
560.000	617.411	79.996	19.996	100.106	19.975	2.768	1.057
560.500	617.851	79.999	19.995	100.106	19.966	3.351	1.014
561.000	618.394	79.998	19.994	100.104	19.969	3.180	0.979
561.500	618.941	79.996	19.995	100.097	19.969	3.184	1.036
562.000	619.358	79.998	19.996	100.092	19.967	3.262	1.027
562.500	619.830	79.996	19.996	100.088	19.973	2.883	0.926
563.000	620.436	80.000	19.997	100.087	19.973	2.890	0.983
563.500	620.889	79.998	19.996	100.087	19.973	2.884	1.069
564.000	621.414	79.997	19.996	100.087	19.964	3.453	1.018
564.500	622.006	79.998	19.994	100.087	19.970	3.062	1.047
565.000	621.971	80.000	19.995	100.086	19.971	3.041	0.838
565.500	623.166	79.998	19.995	100.085	19.971	3.043	0.859
566.000	623.389	79.998	19.995	100.084	19.970	3.088	1.289
566.500	623.907	79.998	19.996	100.084	19.973	2.902	1.079
567.000	624.415	79.999	19.994	100.083	19.973	2.883	0.884
567.500	624.906	79.998	19.996	100.083	19.972	2.938	1.013
568.000	625.440	79.998	19.995	100.083	19.971	3.050	1.012
568.500	625.940	79.998	19.995	100.085	19.967	3.255	1.029
569.000	626.472	79.997	19.994	100.086	19.975	2.770	1.033
569.500	626.956	79.998	19.995	100.091	19.971	3.022	1.024
570.000	627.435	79.997	19.995	100.091	19.973	2.897	0.990
570.500	627.975	79.999	19.995	100.094	19.975	2.759	0.991
571.000	628.476	79.999	19.995	100.096	19.973	2.926	1.030
571.500	628.999	79.998	19.996	100.096	19.970	3.083	1.032
572.000	629.497	79.998	19.996	100.093	19.973	2.931	1.022
572.500	629.996	79.998	19.995	100.093	19.975	2.757	1.009
573.000	630.473	79.997	19.995	100.091	19.972	2.949	0.987
573.500	630.999	79.997	19.995	100.087	19.971	3.025	0.990
574.000	631.478	79.998	19.996	100.085	19.979	2.547	1.004
574.500	632.043	79.998	19.995	100.085	19.974	2.832	1.024
575.000	632.534	79.999	19.996	100.088	19.973	2.903	1.050
575.500	633.003	79.996	19.995	100.088	19.973	2.898	1.008
576.000	633.544	79.997	19.996	100.090	19.974	2.850	0.985
576.500	634.050	79.998	19.997	100.092	19.974	2.844	1.029
577.001	634.577	79.997	19.995	100.091	19.976	2.725	1.041
577.500	634.955	79.996	19.996	100.088	19.973	2.912	0.969
578.000	635.612	79.997	19.996	100.088	19.976	2.714	0.970
578.500	636.116	79.997	19.996	100.085	19.976	2.711	1.098
579.000	636.615	79.997	19.996	100.084	19.973	2.871	1.082
579.500	637.082	79.999	19.996	100.085	19.977	2.661	0.984
580.000	637.654	79.996	19.994	100.086	19.972	2.972	1.003
580.500	638.143	79.997	19.995	100.086	19.974	2.815	1.050
581.000	638.666	79.997	19.996	100.087	19.973	2.888	1.036
581.500	639.170	79.996	19.996	100.086	19.976	2.695	1.019
582.000	639.648	79.998	19.996	100.084	19.974	2.830	1.005
582.500	640.158	79.998	19.996	100.084	19.974	2.855	0.985
583.000	640.671	79.998	19.997	100.084	19.974	2.841	1.005
583.500	641.195	79.998	19.996	100.084	19.970	3.076	1.030
584.000	641.687	79.999	19.996	100.084	19.972	2.952	1.026
584.501	642.168	79.998	19.995	100.084	19.975	2.787	0.994
585.000	642.694	79.999	19.996	100.083	19.979	2.551	0.990
585.500	643.180	79.999	19.996	100.082	19.980	2.474	1.009
586.000	643.672	79.999	19.996	100.081	19.977	2.662	0.995
586.500	644.171	79.999	19.995	100.081	19.976	2.702	0.985
587.000	644.679	79.998	19.996	100.081	19.977	2.624	0.999
587.500	645.191	79.999	19.996	100.083	19.978	2.554	1.014
588.000	645.716	79.999	19.996	100.086	19.980	2.445	1.028
588.500	646.245	79.999	19.995	100.089	19.978	2.606	1.045
589.000	646.706	79.999	19.995	100.092	19.971	3.057	1.022
589.500	647.213	79.999	19.995	100.096	19.977	2.678	0.979
590.000	647.748	80.000	19.995	100.098	19.977	2.671	1.005
590.500	648.240	80.000	19.994	100.100	19.975	2.778	1.035
591.000	648.720	80.000	19.996	100.098	19.973	2.905	0.999
591.500	649.238	79.998	19.996	100.094	19.972	2.938	0.985
592.000	649.732	79.999	19.995	100.089	19.971	3.036	1.005
592.500	650.286	80.000	19.996	100.085	19.973	2.930	1.030
593.000	650.782	79.999	19.996	100.082	19.980	2.487	1.049
593.500	651.313	80.001	19.996	100.083	19.972	2.973	1.038
594.000	651.802	79.997	19.995	100.084	19.974	2.864	1.023
594.500	652.281	79.999	19.996	100.084	19.979	2.518	0.994
595.000	652.837	79.998	19.996	100.084	19.977	2.636	1.002
595.500	653.339	80.000	19.997	100.084	19.973	2.900	1.047
596.000	653.853	79.998	19.997	100.082	19.971	3.058	1.037
596.500	654.351	79.997	19.996	100.082	19.975	2.763	1.014
597.000	654.861	79.997	19.995	100.082	19.973	2.888	1.010
597.500	655.368	79.996	19.995	100.082	19.975	2.770	1.012
598.000	655.887	79.998	19.996	100.082	19.974	2.813	1.021
598.500	656.385	79.996	19.995	100.083	19.969	3.128	1.021
599.000	656.873	79.996	19.996	100.083	19.970	3.105	1.002
599.500	657.370	79.997	19.997	100.084	19.971	3.032	0.986
600.000	657.940	79.996	19.995	100.085	19.978	2.571	1.026
600.500	658.409	79.994	19.996	100.085	19.975	2.754	1.053
601.000	658.900	79.995	19.995	100.086	19.980	2.431	1.000
601.500	659.436	79.997	19.996	100.086	19.974	2.836	0.993
602.000	659.966	79.996	19.997	100.086	19.972	2.973	1.046
602.500	660.402	79.996	19.996	100.086	19.975	2.747	1.016
603.000	660.957	79.997	19.996	100.088	19.975	2.780	0.979
603.500	661.435	79.999	19.996	100.092	19.969	3.157	1.012
604.000	661.949	79.997	19.996	100.094	19.976	2.679	1.013
604.500	662.424	79.995	19.997	100.093	19.975	2.770	0.990
605.000	662.964	79.996	19.996	100.093	19.977	2.618	1.001
605.500	663.475	79.995	19.998	100.088	19.978	2.608	1.033
606.000	663.924	79.994	19.996	100.084	19.979	2.537	1.006
606.500	664.410	79.995	19.997	100.082	19.976	2.733	0.948
607.000	664.979	79.995	19.996	100.081	19.976	2.726	0.995
607.500	665.470	79.997	19.996	100.082	19.976	2.707	1.057
608.000	665.991	79.995	19.997	100.084	19.973	2.897	1.036
608.500	666.478	79.996	19.998	100.084	19.979	2.514	1.010
609.000	666.979	79.993	19.997	100.084	19.981	2.415	0.998
609.500	667.490	79.994	19.995	100.085	19.975	2.801	1.000
610.000	667.997	79.996	19.997	100.085	19.974	2.832	1.015
610.500	668.474	79.995	19.996	100.085	19.975	2.803	1.001
611.000	668.970	79.997	19.996	100.085	19.977	2.618	0.979
611.500	669.486	79.995	19.996	100.085	19.978	2.594	0.993
612.000	669.970	79.995	19.998	100.085	19.982	2.302	1.006
612.500	670.472	79.995	19.996	100.085	19.977	2.631	0.993
613.000	670.997	79.994	19.996	100.086	19.977	2.617	1.006
613.500	671.524	79.996	19.996	100.086	19.974	2.846	1.040
614.000	672.019	79.995	19.997	100.085	19.975	2.780	1.037
614.500	672.567	79.995	19.997	100.085	19.976	2.726	1.032
615.000	673.071	79.995	19.996	100.085	19.978	2.592	1.048
615.500	673.575	79.995	19.995	100.084	19.980	2.481	1.030
616.000	674.097	79.996	19.995	100.086	19.979	2.547	1.017
616.500	674.601	79.996	19.995	100.088	19.978	2.582	1.026
617.000	675.103	79.997	19.997	100.087	19.981	2.420	1.016
617.500	675.596	79.996	19.994	100.087	19.981	2.404	1.000
618.000	676.130	79.996	19.995	100.087	19.978	2.573	1.011
618.500	676.630	79.996	19.995	100.085	19.979	2.544	1.031
619.000	677.136	79.998	19.996	100.086	19.979	2.544	1.020
619.500	677.660	79.997	19.995	100.087	19.975	2.756	1.017
620.000	678.166	79.996	19.995	100.088	19.978	2.575	1.030
620.500	678.618	79.996	19.996	100.089	19.977	2.645	0.994
621.001	679.164	79.997	19.995	100.089	19.979	2.523	0.978
621.500	679.646	79.997	19.995	100.087	19.979	2.504	1.014
622.000	680.160	79.997	19.994	100.087	19.980	2.424	1.012
622.500	680.690	79.995	19.995	100.086	19.979	2.533	1.020
623.000	681.158	79.997	19.996	100.086	19.983	2.292	1.021
623.500	681.677	79.995	19.995	100.086	19.978	2.592	0.992
624.000	682.197	79.996	19.995	100.087	19.977	2.622	1.013
624.500	682.673	79.995	19.996	100.087	19.978	2.608	1.017
625.000	683.202	79.997	19.995	100.087	19.976	2.685	1.001
625.500	683.735	79.997	19.996	100.087	19.978	2.598	1.034
626.000	684.238	79.996	19.996	100.087	19.977	2.648	1.049
626.500	684.748	79.999	19.996	100.085	19.979	2.509	1.025
627.000	685.224	79.997	19.995	100.083	19.976	2.679	1.000
627.500	685.719	79.997	19.995	100.083	19.979	2.530	0.979
628.000	686.252	79.995	19.996	100.082	19.981	2.418	1.000
628.500	686.753	79.997	19.996	100.081	19.977	2.617	1.031
629.000	687.243	79.997	19.996	100.082	19.977	2.674	1.012
629.500	687.737	79.994	19.995	100.083	19.975	2.752	0.988
630.000	688.223	79.995	19.996	100.084	19.980	2.457	0.982
630.500	688.775	79.996	19.995	100.085	19.978	2.559	1.009
631.000	689.234	79.996	19.996	100.085	19.981	2.422	1.025
631.500	689.730	79.996	19.997	100.086	19.975	2.764	0.983
632.000	690.280	79.995	19.995	100.086	19.982	2.345	1.000
632.500	690.776	79.995	19.996	100.085	19.979	2.507	1.046
633.000	691.283	79.995	19.996	100.085	19.980	2.424	1.025
633.500	691.771	79.997	19.995	100.085	19.977	2.665	0.999
634.000	692.292	79.995	19.995	100.084	19.982	2.297	1.002
634.500	692.830	79.998	19.997	100.083	19.980	2.429	1.034
635.000	693.342	79.997	19.995	100.083	19.980	2.455	1.054
635.500	693.835	79.996	19.996	100.085	19.983	2.243	1.028
636.000	694.320	79.996	19.996	100.086	19.981	2.410	0.992
636.500	694.853	79.996	19.996	100.088	19.979	2.523	0.998
637.000	695.357	79.997	19.996	100.088	19.986	2.093	1.028
637.500	695.877	79.996	19.996	100.087	19.980	2.472	1.031
638.000	696.358	79.997	19.995	100.085	19.977	2.653	1.012
638.500	696.857	79.996	19.996	100.082	19.979	2.512	0.990
639.000	697.399	79.997	19.996	100.080	19.981	2.411	1.010
639.500	697.917	79.996	19.995	100.081	19.979	2.545	1.051
640.000	698.404	79.997	19.995	100.082	19.980	2.432	1.033
640.500	698.909	79.995	19.995	100.081	19.979	2.512	0.999
641.000	699.440	79.997	19.996	100.083	19.975	2.756	1.014
641.500	699.923	79.998	19.996	100.083	19.980	2.453	1.025
642.000	700.456	79.997	19.995	100.082	19.976	2.700	1.015
642.500	700.945	79.998	19.995	100.080	19.977	2.646	1.019
643.000	701.427	80.001	19.995	100.079	19.976	2.681	0.997
643.500	701.967	79.999	19.997	100.078	19.979	2.540	0.997
644.000	702.491	79.998	19.995	100.079	19.976	2.737	1.043
644.500	702.961	79.999	19.994	100.079	19.977	2.615	1.029
645.000	703.509	79.999	19.994	100.081	19.976	2.735	1.006
645.501	703.998	79.998	19.995	100.081	19.977	2.660	1.028
646.001	704.520	79.995	19.996	100.082	19.982	2.358	1.024
646.500	705.001	79.996	19.994	100.082	19.978	2.556	1.007
647.000	705.547	79.998	19.994	100.082	19.976	2.707	1.015
647.500	706.014	79.999	19.994	100.082	19.975	2.744	1.020
648.000	706.529	79.998	19.996	100.082	19.979	2.535	0.998
648.500	707.028	79.998	19.996	100.082	19.978	2.563	0.998
649.000	707.514	79.999	19.995	100.082	19.978	2.575	0.999
649.500	707.984	79.998	19.995	100.083	19.976	2.702	0.970
650.000	708.501	79.998	19.996	100.083	19.977	2.636	0.972
650.500	709.016	79.999	19.995	100.083	19.980	2.425	1.010
651.000	709.576	79.998	19.995	100.084	19.983	2.262	1.053
651.500	710.009	79.997	19.996	100.083	19.981	2.385	1.034
652.000	710.533	79.997	19.995	100.083	19.982	2.302	0.975
652.500	711.038	79.998	19.995	100.082	19.977	2.660	0.993
653.000	711.500	79.997	19.996	100.083	19.980	2.484	0.998
653.500	712.017	79.998	19.996	100.082	19.980	2.458	0.973
654.000	712.509	79.997	19.995	100.083	19.978	2.603	0.994
654.500	713.023	79.997	19.995	100.083	19.984	2.224	1.008
655.000	713.511	79.998	19.996	100.083	19.980	2.445	1.004
655.500	714.033	79.997	19.995	100.083	19.980	2.476	1.006
656.000	714.538	79.998	19.995	100.083	19.978	2.580	1.019
656.500	715.038	79.997	19.995	100.084	19.983	2.250	1.016
657.000	715.543	79.997	19.995	100.085	19.979	2.500	1.005
657.500	716.048	79.998	19.995	100.086	19.985	2.109	1.007
658.000	716.559	79.997	19.996	100.086	19.977	2.627	1.013
658.500	717.066	79.997	19.995	100.085	19.980	2.431	1.017
659.000	717.566	79.997	19.996	100.085	19.983	2.271	1.013
659.500	718.075	79.997	19.996	100.084	19.979	2.526	1.008
660.000	718.566	79.997	19.996	100.084	19.976	2.681	1.005
660.500	719.096	79.998	19.995	100.085	19.977	2.617	1.010
661.001	719.574	79.998	19.996	100.082	19.981	2.417	1.014
661.500	720.048	79.998	19.995	100.076	19.979	2.511	0.980
662.000	720.602	79.998	19.996	100.072	19.981	2.391	0.990
662.500	721.095	79.998	19.996	100.071	19.979	2.519	1.037
663.001	721.599	79.998	19.995	100.070	19.978	2.556	1.022
663.501	722.066	79.999	19.996	100.073	19.978	2.613	0.984
664.000	722.582	79.998	19.996	100.079	19.980	2.485	0.977
664.500	723.100	79.999	19.996	100.084	19.977	2.648	1.008
665.000	723.575	79.997	19.994	100.084	19.977	2.631	1.013
665.500	724.105	80.000	19.995	100.084	19.977	2.629	0.999
666.000	724.590	79.999	19.995	100.085	19.981	2.401	1.010
666.500	725.120	79.998	19.995	100.085	19.979	2.528	1.015
667.000	725.595	79.997	19.995	100.084	19.978	2.599	1.010
667.500	726.108	79.997	19.995	100.084	19.978	2.573	0.997
668.000	726.604	80.000	19.996	100.084	19.981	2.408	0.998
668.500	727.144	79.998	19.996	100.083	19.980	2.465	1.022
669.000	727.603	79.998	19.995	100.082	19.978	2.594	1.018
669.500	728.125	80.000	19.996	100.081	19.981	2.408	0.991
670.000	728.604	79.999	19.996	100.082	19.980	2.478	0.991
670.500	729.119	79.999	19.996	100.082	19.976	2.711	0.997
671.000	729.637	79.999	19.995	100.081	19.978	2.572	1.013
671.500	730.097	79.997	19.994	100.082	19.986	2.045	1.006
672.000	730.622	79.999	19.996	100.083	19.979	2.531	0.982
672.500	731.150	79.999	19.996	100.083	19.979	2.491	1.019
673.000	731.656	79.999	19.996	100.083	19.978	2.577	1.043
673.500	732.154	79.997	19.995	100.085	19.984	2.222	1.019
674.000	732.668	79.999	19.996	100.085	19.984	2.219	1.008
674.500	733.110	79.998	19.996	100.085	19.985	2.144	0.984
675.000	733.635	79.998	19.995	100.085	19.981	2.363	0.961
675.500	734.147	79.997	19.995	100.085	19.984	2.215	1.002
676.000	734.654	79.995	19.996	100.084	19.981	2.406	1.028
676.500	735.127	79.996	19.996	100.084	19.985	2.151	1.000
677.000	735.631	79.997	19.996	100.083	19.980	2.455	0.978
677.500	736.102	79.997	19.996	100.083	19.986	2.055	0.976
678.000	736.591	79.998	19.996	100.084	19.984	2.201	0.967
678.500	737.074	79.998	19.996	100.085	19.985	2.159	0.966
