Sample ID:	C:\MCC\MCC Cal\Test\Cotton_Shirt\Cotton_Shirt_MCC_30K_min_210709_R3.txt
Sample Weight (mg):	4.95
Heating Rate (C/s):	1
Combustor Temp (C):	900
N2 Flow Rate (cc/min):	80
O2 Flow Rate (cc/min):	20
Calibration File:	C:\MCC\MCC Cal\Coeff1 JN10440_30_210304.txt.txt
T Correction Coefficients:	0	1.024463	0
Time Shift (s):	14
*
Time (s)	Temperature (C)	N2 flow rate (cc/min)	O2 flow rate (cc/min)	Flow Rate (cc/min)	Oxygen (%)	HRR (W/g)	Heating rate (C/s)
-0.001	112.319	79.996	19.995	99.923	20.074	0.096	-0.007
0.499	112.307	79.997	19.995	99.922	20.071	0.271	-0.029
1.000	112.300	79.995	19.995	99.920	20.071	0.273	-0.023
1.500	112.320	79.997	19.996	99.914	20.074	0.106	-0.003
2.000	112.294	79.996	19.996	99.917	20.075	0.045	0.004
2.500	112.324	79.996	19.996	99.916	20.075	0.015	-0.001
3.000	112.296	79.997	19.995	99.913	20.073	0.179	0.003
3.500	112.287	79.998	19.995	99.910	20.072	0.216	-0.017
4.000	112.238	79.996	19.995	99.914	20.072	0.230	-0.047
4.500	112.285	79.997	19.996	99.915	20.072	0.247	-0.030
5.000	112.231	79.997	19.995	99.918	20.070	0.325	-0.005
5.500	112.252	79.996	19.994	99.922	20.074	0.088	-0.020
6.000	112.238	79.997	19.995	99.928	20.072	0.242	-0.012
6.500	112.230	79.997	19.996	99.927	20.070	0.340	-0.007
7.000	112.274	79.997	19.995	99.925	20.070	0.366	0.007
7.500	112.218	79.998	19.996	99.922	20.069	0.418	0.012
8.000	112.255	79.997	19.996	99.920	20.068	0.459	-0.016
8.500	112.218	79.999	19.996	99.920	20.069	0.385	-0.010
8.999	112.226	79.997	19.996	99.922	20.063	0.803	-0.014
9.499	112.251	79.998	19.995	99.924	20.065	0.638	0.002
9.999	112.251	79.998	19.995	99.934	20.065	0.657	0.029
10.499	112.229	79.999	19.994	99.947	20.061	0.908	0.001
11.000	112.212	79.998	19.994	99.962	20.061	0.896	-0.031
11.501	112.199	79.998	19.995	99.978	20.058	1.098	-0.034
12.000	112.237	79.998	19.994	99.993	20.063	0.799	-0.003
12.499	112.249	79.995	19.994	100.007	20.055	1.283	0.037
12.999	112.283	79.997	19.994	100.017	20.059	1.047	0.048
13.499	112.227	79.998	19.995	100.021	20.056	1.235	0.012
13.999	112.254	79.996	19.994	100.029	20.058	1.128	-0.025
14.499	112.255	79.996	19.994	100.037	20.052	1.491	-0.000
14.999	112.276	79.996	19.995	100.041	20.051	1.550	0.025
15.499	112.253	79.997	19.995	100.052	20.049	1.677	0.010
15.999	112.329	79.998	19.996	100.065	20.044	1.990	0.025
16.500	112.301	79.997	19.995	100.073	20.045	1.949	0.050
17.000	112.323	79.996	19.995	100.083	20.046	1.844	0.021
17.500	112.340	79.996	19.995	100.098	20.043	2.056	0.017
18.000	112.369	79.997	19.994	100.109	20.041	2.181	0.043
18.500	112.416	79.996	19.995	100.121	20.036	2.477	0.061
19.000	112.460	79.997	19.996	100.134	20.033	2.677	0.083
19.500	112.493	79.996	19.995	100.144	20.034	2.624	0.084
20.000	112.514	79.997	19.995	100.149	20.029	2.932	0.066
20.500	112.565	79.996	19.995	100.153	20.032	2.765	0.063
21.000	112.575	79.998	19.995	100.155	20.032	2.738	0.067
21.500	112.661	79.997	19.995	100.159	20.030	2.882	0.078
22.000	112.721	79.995	19.994	100.165	20.024	3.266	0.120
22.500	112.765	79.996	19.995	100.173	20.024	3.253	0.125
23.000	112.831	79.996	19.994	100.181	20.027	3.048	0.107
23.500	112.875	79.996	19.995	100.188	20.022	3.402	0.110
24.000	112.924	79.998	19.995	100.197	20.023	3.299	0.102
24.500	112.973	79.998	19.995	100.207	20.024	3.246	0.096
25.000	113.078	79.998	19.995	100.217	20.020	3.517	0.126
25.500	113.150	79.998	19.995	100.220	20.019	3.550	0.165
26.000	113.205	79.999	19.996	100.223	20.017	3.681	0.152
26.500	113.306	79.998	19.995	100.224	20.015	3.813	0.141
27.000	113.389	79.998	19.996	100.225	20.016	3.755	0.170
27.500	113.481	79.997	19.996	100.228	20.016	3.741	0.179
28.000	113.583	79.997	19.996	100.236	20.014	3.894	0.184
28.500	113.658	79.997	19.995	100.244	20.014	3.858	0.185
29.000	113.776	79.999	19.996	100.248	20.015	3.841	0.185
29.500	113.872	79.998	19.996	100.248	20.012	4.005	0.204
30.000	114.031	79.999	19.996	100.246	20.012	3.984	0.235
30.500	114.139	79.997	19.996	100.245	20.010	4.127	0.261
31.000	114.240	79.998	19.997	100.249	20.010	4.123	0.238
31.500	114.312	79.999	19.995	100.257	20.008	4.246	0.191
32.000	114.460	79.998	19.997	100.265	20.009	4.219	0.197
32.499	114.591	79.996	19.995	100.272	20.007	4.331	0.249
32.999	114.721	79.997	19.995	100.278	20.007	4.314	0.270
33.499	114.840	79.998	19.996	100.278	20.008	4.295	0.256
33.999	114.960	79.998	19.996	100.278	20.005	4.469	0.244
34.500	115.136	79.996	19.995	100.278	20.005	4.464	0.268
35.000	115.283	79.999	19.997	100.277	20.004	4.541	0.309
35.499	115.405	79.999	19.997	100.276	20.005	4.479	0.296
35.999	115.570	79.997	19.995	100.276	20.004	4.493	0.278
36.499	115.685	79.998	19.996	100.277	20.002	4.648	0.283
37.000	115.865	79.999	19.996	100.276	20.004	4.543	0.287
37.501	116.028	79.997	19.994	100.276	20.005	4.464	0.319
38.001	116.196	79.998	19.995	100.276	20.000	4.743	0.337
38.501	116.343	79.998	19.996	100.277	20.002	4.629	0.324
39.000	116.510	79.997	19.995	100.277	20.001	4.679	0.314
39.500	116.709	79.997	19.995	100.278	20.001	4.700	0.339
40.000	116.848	79.997	19.996	100.278	19.998	4.893	0.352
40.499	117.044	79.996	19.997	100.278	20.001	4.690	0.337
40.999	117.237	79.997	19.995	100.277	20.003	4.592	0.362
41.499	117.410	79.996	19.996	100.278	20.002	4.654	0.377
41.999	117.588	79.995	19.996	100.280	20.003	4.558	0.359
42.500	117.798	79.996	19.995	100.285	20.001	4.699	0.370
43.000	117.987	79.996	19.995	100.292	20.002	4.629	0.394
43.499	118.191	79.997	19.996	100.300	20.002	4.648	0.396
44.000	118.381	79.995	19.996	100.305	20.002	4.631	0.393
44.500	118.560	79.996	19.996	100.307	19.999	4.838	0.381
44.999	118.766	79.997	19.996	100.308	19.998	4.888	0.377
45.499	118.946	79.995	19.995	100.309	19.999	4.843	0.386
45.999	119.148	79.996	19.995	100.309	19.999	4.817	0.384
46.499	119.379	79.995	19.996	100.308	19.999	4.852	0.407
46.999	119.594	79.997	19.996	100.309	19.997	4.953	0.439
47.499	119.784	79.996	19.995	100.310	19.995	5.077	0.426
47.999	120.012	79.995	19.995	100.310	19.995	5.103	0.412
48.499	120.215	79.997	19.996	100.309	20.000	4.792	0.424
48.999	120.431	79.996	19.995	100.312	19.995	5.105	0.425
49.499	120.675	79.995	19.996	100.318	19.995	5.119	0.440
49.999	120.885	79.995	19.996	100.319	19.994	5.134	0.458
50.499	121.135	79.995	19.996	100.320	19.993	5.206	0.457
50.999	121.362	79.995	19.996	100.320	19.991	5.315	0.469
51.499	121.617	79.995	19.996	100.324	19.991	5.365	0.479
51.999	121.836	79.995	19.995	100.328	19.991	5.363	0.478
52.499	122.127	79.995	19.995	100.333	19.988	5.538	0.492
52.999	122.350	79.994	19.996	100.337	19.994	5.172	0.512
53.499	122.580	79.995	19.996	100.343	19.989	5.461	0.484
53.999	122.878	79.994	19.995	100.348	19.989	5.460	0.490
54.499	123.132	79.995	19.996	100.349	19.989	5.503	0.540
54.999	123.403	79.996	19.996	100.352	19.991	5.352	0.539
55.499	123.659	79.995	19.996	100.356	19.989	5.460	0.526
56.000	123.945	79.996	19.997	100.358	19.989	5.458	0.534
56.500	124.185	79.996	19.997	100.359	19.990	5.429	0.534
56.999	124.438	79.995	19.996	100.359	19.991	5.357	0.510
57.499	124.709	79.995	19.997	100.359	19.985	5.729	0.509
57.999	125.024	79.997	19.996	100.360	19.986	5.662	0.555
58.499	125.310	79.995	19.996	100.362	19.988	5.539	0.593
58.999	125.566	79.996	19.996	100.360	19.989	5.501	0.572
59.499	125.843	79.995	19.996	100.362	19.987	5.631	0.537
59.999	126.136	79.995	19.997	100.369	19.984	5.798	0.551
60.499	126.444	79.995	19.997	100.375	19.984	5.820	0.586
60.999	126.744	79.996	19.995	100.381	19.984	5.772	0.605
61.499	127.016	79.995	19.997	100.383	19.984	5.760	0.590
61.999	127.324	79.997	19.996	100.386	19.980	6.015	0.576
62.499	127.627	79.995	19.996	100.384	19.983	5.856	0.596
62.999	127.948	79.996	19.996	100.379	19.984	5.810	0.618
63.499	128.241	79.995	19.997	100.380	19.984	5.805	0.619
64.000	128.555	79.997	19.997	100.386	19.981	5.979	0.610
64.500	128.859	79.995	19.996	100.390	19.981	5.972	0.612
65.000	129.189	79.995	19.996	100.394	19.982	5.888	0.626
65.500	129.524	79.994	19.996	100.401	19.980	6.031	0.649
65.999	129.832	79.995	19.996	100.401	19.981	6.005	0.654
66.499	130.141	79.994	19.995	100.401	19.979	6.119	0.631
66.999	130.438	79.995	19.997	100.399	19.984	5.765	0.611
67.499	130.787	79.995	19.995	100.399	19.982	5.941	0.626
67.999	131.152	79.997	19.996	100.398	19.985	5.721	0.680
68.499	131.455	79.995	19.996	100.397	19.978	6.179	0.691
68.999	131.780	79.996	19.995	100.398	19.978	6.184	0.648
69.499	132.170	79.996	19.995	100.399	19.980	6.058	0.672
70.000	132.511	79.995	19.995	100.399	19.980	6.022	0.723
70.501	132.861	79.996	19.996	100.399	19.982	5.939	0.711
71.001	133.195	79.995	19.996	100.400	19.979	6.080	0.687
71.500	133.571	79.994	19.996	100.399	19.977	6.220	0.696
71.999	133.895	79.995	19.996	100.400	19.976	6.265	0.705
72.499	134.272	79.994	19.995	100.400	19.980	6.053	0.701
72.999	134.638	79.992	19.995	100.400	19.979	6.077	0.722
73.499	134.995	79.994	19.996	100.399	19.980	6.055	0.733
74.000	135.332	79.995	19.995	100.400	19.979	6.134	0.708
74.500	135.733	79.995	19.995	100.400	19.976	6.265	0.717
75.000	136.100	79.995	19.996	100.400	19.983	5.881	0.753
75.500	136.445	79.995	19.994	100.401	19.981	5.950	0.740
75.999	136.842	79.995	19.996	100.403	19.979	6.130	0.727
76.499	137.203	79.995	19.994	100.403	19.977	6.227	0.750
76.999	137.589	79.995	19.995	100.404	19.975	6.333	0.752
77.499	137.968	79.995	19.995	100.403	19.975	6.390	0.756
78.000	138.378	79.994	19.995	100.404	19.975	6.359	0.777
78.501	138.737	79.995	19.995	100.403	19.975	6.342	0.779
79.000	139.112	79.996	19.995	100.403	19.976	6.294	0.751
79.500	139.518	79.996	19.996	100.403	19.976	6.313	0.757
80.000	139.870	79.995	19.996	100.402	19.977	6.215	0.770
80.499	140.271	79.996	19.995	100.401	19.974	6.422	0.755
80.999	140.738	79.996	19.995	100.400	19.977	6.203	0.810
81.499	141.123	79.997	19.996	100.398	19.973	6.471	0.860
82.000	141.545	79.997	19.996	100.397	19.976	6.270	0.830
82.500	141.916	79.997	19.995	100.397	19.977	6.259	0.800
82.999	142.299	79.997	19.995	100.397	19.974	6.447	0.774
83.499	142.754	79.995	19.995	100.397	19.974	6.397	0.796
83.999	143.140	79.997	19.995	100.399	19.974	6.397	0.839
84.499	143.532	79.997	19.995	100.400	19.976	6.304	0.809
85.000	143.998	79.997	19.995	100.400	19.981	5.980	0.818
85.500	144.379	79.997	19.994	100.400	19.975	6.373	0.852
86.000	144.820	79.998	19.994	100.399	19.978	6.177	0.835
86.500	145.265	79.998	19.995	100.400	19.978	6.173	0.854
86.999	145.659	79.997	19.994	100.399	19.974	6.428	0.863
87.499	146.099	79.995	19.996	100.397	19.977	6.230	0.837
87.999	146.469	79.997	19.996	100.396	19.977	6.230	0.822
88.499	146.891	79.997	19.996	100.396	19.979	6.102	0.801
88.999	147.341	79.997	19.996	100.397	19.979	6.119	0.832
89.499	147.783	79.998	19.996	100.400	19.976	6.281	0.882
90.000	148.169	79.998	19.995	100.401	19.980	6.031	0.860
90.500	148.610	79.997	19.994	100.402	19.976	6.305	0.827
90.999	149.075	79.997	19.995	100.402	19.980	6.011	0.866
91.499	149.513	79.997	19.995	100.399	19.975	6.347	0.905
91.999	149.977	79.997	19.995	100.397	19.979	6.076	0.903
92.499	150.377	79.997	19.994	100.397	19.977	6.209	0.883
92.999	150.824	79.997	19.996	100.397	19.980	6.069	0.855
93.500	151.243	79.997	19.995	100.397	19.977	6.229	0.857
94.001	151.667	79.997	19.996	100.397	19.972	6.548	0.855
94.500	152.121	79.998	19.996	100.397	19.979	6.112	0.860
94.999	152.591	79.997	19.996	100.396	19.974	6.398	0.901
95.499	153.030	79.997	19.995	100.396	19.974	6.438	0.916
95.999	153.487	79.998	19.995	100.396	19.977	6.252	0.902
96.499	153.922	79.998	19.995	100.397	19.976	6.324	0.894
96.999	154.335	79.998	19.996	100.396	19.977	6.247	0.870
97.499	154.809	79.996	19.996	100.396	19.975	6.352	0.868
97.999	155.270	79.996	19.995	100.396	19.979	6.112	0.911
98.499	155.732	79.997	19.994	100.393	19.976	6.270	0.929
98.999	156.186	79.995	19.994	100.392	19.977	6.251	0.919
99.499	156.645	79.996	19.995	100.388	19.980	6.037	0.915
99.999	157.131	79.997	19.996	100.387	19.980	6.054	0.929
100.500	157.570	79.997	19.995	100.386	19.978	6.189	0.934
101.000	158.034	79.997	19.995	100.383	19.977	6.213	0.914
101.499	158.494	79.997	19.995	100.383	19.980	6.036	0.914
101.999	158.948	79.998	19.996	100.387	19.979	6.125	0.919
102.499	159.447	79.998	19.995	100.387	19.979	6.094	0.934
102.999	159.884	79.997	19.995	100.383	19.983	5.869	0.945
103.500	160.352	79.996	19.996	100.385	19.980	6.029	0.920
104.000	160.811	79.998	19.995	100.383	19.983	5.869	0.916
104.499	161.282	79.999	19.995	100.383	19.977	6.250	0.928
104.999	161.770	79.999	19.995	100.381	19.980	6.031	0.945
105.499	162.268	79.998	19.995	100.382	19.977	6.232	0.972
105.999	162.679	79.998	19.995	100.381	19.981	5.989	0.947
106.499	163.182	79.999	19.994	100.381	19.980	6.059	0.911
106.999	163.595	79.998	19.996	100.381	19.984	5.787	0.915
107.499	164.106	79.997	19.995	100.383	19.983	5.845	0.920
107.999	164.640	79.997	19.995	100.385	19.982	5.911	0.985
108.499	165.115	79.999	19.995	100.388	19.981	5.990	1.027
108.999	165.581	80.000	19.995	100.386	19.982	5.908	0.975
109.499	166.092	79.998	19.994	100.381	19.982	5.909	0.959
110.000	166.553	79.999	19.995	100.374	19.980	6.040	0.975
110.500	167.050	79.999	19.995	100.369	19.980	6.068	0.965
110.999	167.558	79.998	19.995	100.366	19.980	6.030	0.981
111.499	168.003	79.999	19.995	100.369	19.980	6.042	0.979
111.999	168.519	79.998	19.995	100.369	19.979	6.128	0.957
112.499	169.032	79.999	19.996	100.370	19.981	6.001	0.995
113.000	169.482	79.998	19.995	100.372	19.982	5.890	0.996
113.500	170.013	79.999	19.995	100.373	19.980	6.009	0.972
113.999	170.484	79.998	19.995	100.371	19.982	5.938	0.992
114.499	171.014	79.997	19.995	100.375	19.984	5.758	1.002
115.000	171.488	79.997	19.995	100.376	19.980	6.040	1.002
115.500	171.940	79.998	19.997	100.376	19.981	5.954	0.965
116.000	172.497	79.998	19.995	100.373	19.982	5.889	0.967
116.500	172.971	79.997	19.996	100.368	19.981	5.964	1.020
116.999	173.459	79.996	19.995	100.362	19.981	5.959	0.997
117.499	173.991	79.996	19.996	100.361	19.985	5.718	0.991
117.999	174.517	79.997	19.996	100.359	19.983	5.870	1.039
118.500	175.021	79.996	19.995	100.358	19.983	5.847	1.044
119.000	175.506	79.996	19.996	100.360	19.980	6.045	1.009
119.499	175.966	79.995	19.995	100.362	19.981	5.964	0.966
119.999	176.507	79.994	19.996	100.363	19.979	6.103	0.973
120.499	176.988	79.996	19.996	100.362	19.984	5.812	1.012
120.999	177.489	79.994	19.996	100.362	19.981	5.993	1.002
121.499	178.027	79.995	19.996	100.361	19.984	5.807	1.010
121.999	178.525	79.995	19.997	100.360	19.983	5.874	1.037
122.499	179.030	79.995	19.996	100.359	19.982	5.908	1.020
122.999	179.543	79.996	19.996	100.360	19.984	5.772	1.011
123.499	180.066	79.996	19.996	100.360	19.984	5.786	1.027
123.999	180.549	79.995	19.995	100.360	19.983	5.877	1.021
124.499	181.059	79.996	19.996	100.360	19.983	5.834	0.999
124.999	181.554	79.996	19.995	100.360	19.985	5.710	0.998
125.499	182.068	79.995	19.995	100.359	19.982	5.941	1.007
125.999	182.576	79.997	19.996	100.359	19.983	5.875	1.016
126.499	183.099	79.995	19.996	100.359	19.986	5.656	1.027
126.999	183.627	79.995	19.995	100.359	19.981	5.976	1.041
127.499	184.102	79.995	19.996	100.359	19.983	5.878	1.027
127.999	184.636	79.995	19.996	100.360	19.981	5.997	1.006
128.500	185.141	79.995	19.996	100.360	19.982	5.899	1.024
129.000	185.676	79.996	19.995	100.360	19.983	5.831	1.040
129.500	186.207	79.994	19.997	100.358	19.984	5.804	1.053
130.000	186.731	79.995	19.996	100.357	19.986	5.688	1.061
130.500	187.259	79.996	19.996	100.356	19.982	5.900	1.053
131.000	187.805	79.995	19.996	100.352	19.984	5.802	1.063
131.500	188.340	79.995	19.996	100.349	19.982	5.897	1.077
132.000	188.829	79.994	19.995	100.349	19.985	5.735	1.053
132.500	189.329	79.996	19.996	100.347	19.987	5.611	1.006
133.000	189.888	79.996	19.995	100.345	19.986	5.676	1.024
133.500	190.406	79.995	19.995	100.344	19.984	5.776	1.068
134.000	190.914	79.997	19.995	100.345	19.988	5.523	1.051
134.500	191.406	79.996	19.995	100.343	19.986	5.671	1.013
135.000	191.968	79.995	19.995	100.344	19.984	5.783	1.027
135.500	192.491	79.995	19.997	100.342	19.985	5.714	1.070
136.000	193.007	79.997	19.995	100.341	19.984	5.797	1.062
136.500	193.524	79.994	19.995	100.337	19.987	5.607	1.036
137.000	194.082	79.995	19.997	100.333	19.987	5.573	1.054
137.500	194.614	79.994	19.996	100.328	19.985	5.709	1.083
138.000	195.117	79.997	19.995	100.325	19.987	5.588	1.063
138.500	195.607	79.995	19.996	100.325	19.986	5.676	1.014
139.000	196.136	79.995	19.996	100.325	19.985	5.748	1.006
139.500	196.681	79.995	19.995	100.325	19.987	5.581	1.046
140.000	197.223	79.995	19.995	100.325	19.988	5.559	1.081
140.500	197.749	79.995	19.995	100.324	19.985	5.743	1.078
141.000	198.270	79.996	19.996	100.324	19.985	5.748	1.058
141.500	198.782	79.996	19.996	100.323	19.985	5.713	1.040
142.000	199.302	79.996	19.996	100.322	19.987	5.587	1.033
142.500	199.846	79.997	19.997	100.321	19.985	5.749	1.048
143.000	200.321	79.995	19.997	100.321	19.986	5.658	1.041
143.500	200.881	79.996	19.997	100.321	19.985	5.727	1.027
144.000	201.384	79.995	19.997	100.321	19.988	5.549	1.049
144.500	201.873	79.995	19.997	100.321	19.984	5.773	1.028
145.000	202.437	79.995	19.996	100.321	19.985	5.704	1.023
145.500	203.002	79.995	19.997	100.321	19.986	5.645	1.091
146.000	203.501	79.996	19.995	100.320	19.986	5.647	1.097
146.500	204.054	79.996	19.996	100.319	19.987	5.571	1.058
147.000	204.555	79.995	19.997	100.319	19.986	5.631	1.053
147.500	205.131	79.994	19.996	100.318	19.987	5.574	1.065
148.000	205.649	79.995	19.997	100.317	19.989	5.473	1.085
148.500	206.168	79.996	19.997	100.316	19.992	5.251	1.066
149.000	206.737	79.994	19.996	100.313	19.991	5.337	1.063
149.500	207.279	79.994	19.996	100.311	19.989	5.456	1.100
150.000	207.749	79.996	19.996	100.311	19.989	5.463	1.061
150.500	208.304	79.996	19.997	100.312	19.992	5.287	1.018
151.000	208.813	79.996	19.997	100.312	19.987	5.584	1.044
151.500	209.320	79.995	19.996	100.309	19.988	5.543	1.040
152.000	209.889	79.994	19.997	100.307	19.986	5.657	1.046
152.500	210.412	79.995	19.996	100.304	19.988	5.535	1.084
153.000	210.918	79.995	19.996	100.304	19.989	5.463	1.060
153.500	211.477	79.994	19.997	100.300	19.986	5.635	1.047
154.000	211.983	79.994	19.997	100.301	19.987	5.581	1.065
154.500	212.547	79.995	19.996	100.300	19.988	5.557	1.067
155.000	213.088	79.994	19.995	100.297	19.989	5.440	1.087
155.500	213.596	79.996	19.996	100.293	19.992	5.278	1.077
156.000	214.099	79.997	19.997	100.293	19.993	5.240	1.030
156.500	214.618	79.996	19.995	100.291	19.992	5.304	1.016
157.000	215.153	79.995	19.996	100.290	19.991	5.351	1.038
157.500	215.689	79.995	19.995	100.291	19.996	5.053	1.063
158.000	216.207	79.997	19.995	100.289	19.989	5.452	1.063
158.500	216.714	79.995	19.996	100.286	19.990	5.386	1.040
159.000	217.261	79.997	19.996	100.288	19.989	5.488	1.039
159.500	217.799	79.997	19.995	100.293	19.989	5.474	1.069
160.000	218.328	79.996	19.995	100.291	19.986	5.657	1.076
160.500	218.862	79.997	19.995	100.291	19.987	5.572	1.065
161.000	219.361	79.996	19.996	100.289	19.990	5.400	1.048
161.500	219.908	79.998	19.996	100.286	19.988	5.514	1.039
162.000	220.431	79.998	19.995	100.281	19.992	5.288	1.058
162.500	220.972	79.998	19.996	100.283	19.988	5.517	1.068
163.000	221.453	79.998	19.995	100.287	19.989	5.467	1.043
163.500	222.030	79.997	19.996	100.290	19.990	5.400	1.040
164.000	222.550	79.998	19.997	100.289	19.986	5.656	1.077
164.500	223.053	79.998	19.996	100.289	19.989	5.456	1.060
165.000	223.643	79.998	19.996	100.286	19.993	5.230	1.058
165.500	224.130	80.000	19.997	100.281	19.989	5.454	1.085
166.000	224.658	79.997	19.996	100.279	19.987	5.595	1.046
166.500	225.171	79.998	19.996	100.279	19.987	5.574	1.028
167.000	225.689	79.999	19.995	100.279	19.985	5.748	1.036
167.500	226.227	79.997	19.996	100.281	19.984	5.775	1.043
168.000	226.729	79.999	19.995	100.282	19.985	5.720	1.048
168.500	227.274	79.998	19.995	100.281	19.988	5.551	1.044
169.000	227.811	79.998	19.996	100.279	19.988	5.512	1.065
169.500	228.318	79.996	19.996	100.279	19.985	5.706	1.063
170.000	228.855	79.997	19.997	100.279	19.986	5.631	1.044
170.500	229.420	79.998	19.997	100.278	19.984	5.766	1.073
171.000	229.953	80.000	19.996	100.278	19.984	5.758	1.100
171.500	230.500	79.997	19.995	100.279	19.988	5.538	1.090
172.000	230.966	79.996	19.996	100.280	19.989	5.467	1.046
172.500	231.473	79.996	19.996	100.278	19.986	5.646	0.993
173.000	232.030	79.996	19.996	100.276	19.987	5.572	1.019
173.500	232.536	79.997	19.995	100.271	19.989	5.453	1.064
174.000	233.045	79.996	19.996	100.267	19.986	5.661	1.039
174.500	233.554	79.995	19.997	100.266	19.980	6.045	1.016
175.000	234.097	79.996	19.995	100.267	19.984	5.766	1.035
175.500	234.617	79.997	19.996	100.268	19.983	5.856	1.057
176.000	235.111	79.996	19.996	100.274	19.987	5.579	1.039
176.500	235.604	79.996	19.996	100.278	19.983	5.834	1.001
177.000	236.112	79.996	19.995	100.277	19.983	5.861	0.994
177.500	236.676	79.996	19.996	100.273	19.986	5.676	1.036
178.000	237.220	79.997	19.995	100.273	19.983	5.836	1.090
178.500	237.684	79.996	19.995	100.273	19.983	5.877	1.059
179.000	238.195	79.996	19.996	100.273	19.979	6.102	0.992
179.500	238.742	79.996	19.996	100.272	19.980	6.056	1.016
180.000	239.194	79.997	19.995	100.275	19.982	5.904	1.028
180.500	239.724	79.996	19.996	100.274	19.980	6.008	0.991
181.000	240.285	79.996	19.995	100.274	19.979	6.075	1.037
181.500	240.770	79.996	19.995	100.274	19.979	6.073	1.068
182.000	241.303	79.995	19.995	100.275	19.977	6.252	1.032
182.500	241.774	79.997	19.995	100.275	19.977	6.232	1.011
183.000	242.302	79.997	19.996	100.274	19.978	6.140	1.001
183.500	242.822	79.998	19.996	100.273	19.975	6.323	1.024
184.000	243.368	79.997	19.995	100.271	19.980	6.058	1.057
184.500	243.836	79.998	19.995	100.266	19.974	6.385	1.040
185.000	244.371	79.996	19.995	100.266	19.975	6.383	1.009
185.500	244.845	79.997	19.995	100.269	19.974	6.431	1.006
186.000	245.386	79.999	19.996	100.270	19.971	6.589	1.011
186.500	245.883	79.998	19.996	100.273	19.971	6.574	1.026
187.000	246.422	79.999	19.995	100.278	19.972	6.570	1.037
187.500	246.924	79.998	19.994	100.278	19.970	6.662	1.039
188.000	247.413	79.998	19.995	100.278	19.972	6.569	1.016
188.500	247.901	79.998	19.995	100.279	19.972	6.550	0.984
189.000	248.432	79.999	19.995	100.279	19.965	6.970	0.998
189.500	248.948	79.999	19.995	100.279	19.967	6.829	1.033
190.000	249.491	80.000	19.995	100.280	19.961	7.219	1.053
190.500	250.049	79.999	19.994	100.278	19.964	7.028	1.080
191.000	250.561	79.999	19.995	100.276	19.964	7.059	1.085
191.500	251.050	79.999	19.995	100.276	19.965	6.992	1.035
192.000	251.559	79.999	19.993	100.276	19.962	7.180	0.999
192.500	252.084	79.999	19.995	100.276	19.964	7.065	1.016
193.000	252.551	79.998	19.995	100.278	19.965	6.977	1.013
193.500	253.054	79.998	19.994	100.281	19.963	7.106	0.981
194.000	253.516	79.997	19.995	100.281	19.959	7.376	0.968
194.500	254.043	79.998	19.994	100.280	19.959	7.373	0.977
195.000	254.566	79.997	19.994	100.278	19.962	7.204	1.019
195.500	255.074	79.999	19.994	100.278	19.955	7.634	1.041
196.000	255.603	79.995	19.994	100.278	19.955	7.624	1.034
196.500	256.038	79.997	19.995	100.278	19.954	7.676	1.001
197.000	256.579	79.996	19.994	100.276	19.955	7.602	0.970
197.500	257.074	79.996	19.995	100.279	19.947	8.094	1.006
198.000	257.598	79.996	19.995	100.279	19.945	8.219	1.027
198.500	258.091	79.995	19.995	100.280	19.945	8.226	1.018
199.000	258.602	79.995	19.996	100.281	19.944	8.280	1.010
199.500	259.122	79.997	19.996	100.283	19.940	8.546	1.017
200.000	259.584	79.994	19.996	100.283	19.940	8.536	1.007
200.500	260.098	79.996	19.996	100.282	19.939	8.612	0.980
201.000	260.609	79.994	19.996	100.278	19.941	8.507	1.001
201.500	261.061	79.995	19.996	100.279	19.935	8.865	0.994
202.000	261.531	79.996	19.996	100.279	19.935	8.889	0.942
202.500	262.064	79.994	19.996	100.278	19.934	8.942	0.962
203.000	262.526	79.993	19.995	100.279	19.932	9.094	0.999
203.500	263.036	79.994	19.996	100.283	19.930	9.174	0.984
204.000	263.542	79.994	19.996	100.283	19.931	9.152	0.993
204.500	264.060	79.996	19.996	100.282	19.926	9.422	1.020
205.000	264.542	79.995	19.996	100.283	19.927	9.390	1.012
205.500	265.061	79.995	19.996	100.283	19.926	9.421	1.001
206.000	265.576	79.996	19.995	100.282	19.925	9.528	1.017
206.500	266.055	79.996	19.996	100.283	19.919	9.872	1.014
207.000	266.552	79.994	19.996	100.283	19.921	9.793	0.985
207.500	267.034	79.996	19.997	100.282	19.922	9.717	0.977
208.000	267.583	79.994	19.996	100.282	19.916	10.087	1.004
208.500	268.072	79.995	19.996	100.281	19.919	9.883	1.034
209.000	268.547	79.995	19.997	100.282	19.914	10.203	1.001
209.500	268.997	79.995	19.996	100.282	19.913	10.245	0.945
210.000	269.524	79.995	19.997	100.282	19.910	10.476	0.951
210.500	270.015	79.994	19.997	100.282	19.909	10.524	0.998
211.000	270.548	79.996	19.996	100.283	19.904	10.843	1.022
211.500	271.015	79.996	19.996	100.282	19.904	10.830	1.012
212.000	271.528	79.994	19.995	100.283	19.903	10.900	0.990
212.500	272.013	79.996	19.995	100.282	19.897	11.284	0.989
213.000	272.513	79.996	19.995	100.282	19.899	11.184	0.991
213.500	272.992	79.996	19.995	100.281	19.894	11.468	0.982
214.000	273.501	79.996	19.995	100.281	19.892	11.621	0.984
214.500	274.003	79.995	19.996	100.282	19.895	11.421	1.000
215.000	274.494	79.995	19.995	100.282	19.894	11.493	1.002
215.500	275.003	79.995	19.996	100.281	19.887	11.925	0.996
216.000	275.484	79.995	19.996	100.283	19.885	12.060	0.995
216.500	275.952	79.996	19.996	100.289	19.883	12.139	0.969
217.000	276.438	79.995	19.995	100.290	19.881	12.288	0.951
217.500	276.948	79.996	19.996	100.292	19.880	12.369	0.975
218.000	277.436	79.995	19.996	100.293	19.878	12.464	0.998
218.500	277.935	79.997	19.996	100.290	19.874	12.709	0.993
219.000	278.419	79.995	19.995	100.283	19.875	12.683	0.985
219.500	278.889	79.997	19.995	100.280	19.871	12.934	0.969
220.000	279.418	79.994	19.995	100.278	19.867	13.196	0.976
220.500	279.896	79.995	19.995	100.281	19.862	13.518	1.003
221.000	280.391	79.997	19.996	100.285	19.865	13.291	0.991
221.500	280.873	79.996	19.996	100.287	19.864	13.358	0.975
222.000	281.347	79.995	19.995	100.294	19.862	13.482	0.966
222.500	281.866	79.998	19.998	100.302	19.861	13.563	0.974
223.000	282.333	79.994	19.995	100.306	19.853	14.075	0.989
223.500	282.848	79.995	19.996	100.311	19.852	14.156	0.984
224.000	283.344	79.995	19.996	100.312	19.852	14.137	0.997
224.500	283.845	79.995	19.996	100.310	19.848	14.400	1.004
225.000	284.305	79.995	19.996	100.307	19.845	14.587	0.979
225.500	284.816	79.995	19.996	100.305	19.843	14.726	0.966
226.000	285.263	79.996	19.996	100.301	19.841	14.813	0.965
226.500	285.736	79.994	19.997	100.302	19.833	15.327	0.939
227.000	286.247	79.994	19.996	100.304	19.835	15.224	0.952
227.500	286.736	79.994	19.996	100.305	19.833	15.320	0.992
228.000	287.266	79.992	19.996	100.309	19.829	15.605	1.010
228.500	287.740	79.994	19.997	100.312	19.827	15.689	1.012
229.000	288.245	79.995	19.996	100.317	19.822	16.022	0.992
229.500	288.737	79.995	19.996	100.318	19.821	16.128	0.988
230.000	289.214	79.995	19.996	100.318	19.815	16.446	0.983
230.500	289.700	79.993	19.997	100.318	19.817	16.357	0.966
231.000	290.180	79.995	19.997	100.318	19.810	16.766	0.965
231.500	290.658	79.993	19.997	100.318	19.808	16.913	0.962
232.000	291.163	79.993	19.996	100.317	19.804	17.166	0.970
232.500	291.633	79.995	19.997	100.317	19.800	17.414	0.979
233.000	292.175	79.995	19.997	100.317	19.802	17.307	0.994
233.500	292.695	79.996	19.998	100.318	19.795	17.712	1.037
234.000	293.129	79.995	19.997	100.322	19.793	17.880	1.008
234.500	293.625	79.994	19.996	100.323	19.785	18.351	0.942
235.000	294.128	79.995	19.996	100.324	19.783	18.533	0.964
235.500	294.619	79.994	19.996	100.325	19.784	18.421	0.996
236.001	295.132	79.995	19.998	100.327	19.776	18.975	0.999
236.501	295.606	79.995	19.996	100.329	19.773	19.131	0.996
237.000	296.123	79.994	19.996	100.335	19.769	19.396	0.989
237.500	296.585	79.995	19.996	100.339	19.768	19.452	0.985
238.000	297.097	79.996	19.996	100.343	19.759	20.019	0.976
238.500	297.562	79.995	19.996	100.348	19.759	20.040	0.975
239.000	298.056	79.995	19.997	100.346	19.751	20.527	0.968
239.500	298.534	79.996	19.996	100.343	19.748	20.734	0.965
240.000	299.038	79.996	19.997	100.346	19.745	20.896	0.977
240.500	299.516	79.997	19.996	100.349	19.740	21.230	0.982
241.000	299.977	79.998	19.997	100.350	19.737	21.404	0.960
241.500	300.496	79.997	19.996	100.353	19.732	21.727	0.960
242.000	300.984	79.998	19.995	100.358	19.726	22.145	0.994
242.500	301.501	79.998	19.997	100.358	19.723	22.326	1.006
243.000	301.959	79.998	19.997	100.359	19.716	22.725	0.990
243.500	302.454	79.996	19.996	100.358	19.712	23.024	0.965
244.000	302.966	79.998	19.995	100.358	19.709	23.222	0.980
244.500	303.446	79.997	19.995	100.359	19.706	23.407	0.999
245.000	303.939	79.996	19.995	100.363	19.699	23.855	0.982
245.500	304.398	79.996	19.994	100.368	19.692	24.286	0.962
246.000	304.899	79.997	19.995	100.374	19.689	24.449	0.956
246.500	305.383	79.997	19.995	100.382	19.686	24.673	0.973
247.000	305.886	79.998	19.996	100.387	19.678	25.147	0.987
247.500	306.362	79.997	19.995	100.392	19.672	25.525	0.983
248.000	306.903	79.997	19.994	100.395	19.667	25.885	0.997
248.500	307.378	79.996	19.995	100.398	19.658	26.407	1.017
249.000	307.881	79.997	19.996	100.397	19.653	26.738	0.997
249.500	308.355	79.998	19.994	100.398	19.650	26.919	0.978
250.000	308.838	79.996	19.996	100.398	19.642	27.426	0.967
250.500	309.348	79.996	19.994	100.398	19.634	27.941	0.975
251.000	309.872	79.997	19.994	100.397	19.627	28.430	1.013
251.500	310.299	79.997	19.996	100.398	19.620	28.860	0.993
252.000	310.838	79.997	19.995	100.398	19.615	29.193	0.959
252.500	311.320	79.998	19.995	100.400	19.608	29.583	0.994
253.000	311.825	79.996	19.995	100.405	19.602	30.011	1.004
253.500	312.305	79.997	19.994	100.411	19.598	30.254	0.985
254.000	312.836	79.996	19.995	100.415	19.588	30.892	0.998
254.500	313.347	79.995	19.995	100.421	19.579	31.485	1.027
255.000	313.851	79.997	19.995	100.426	19.576	31.672	1.029
255.500	314.309	79.996	19.996	100.429	19.566	32.279	0.988
256.000	314.794	79.997	19.995	100.431	19.557	32.864	0.952
256.500	315.302	79.996	19.996	100.436	19.549	33.340	0.968
257.000	315.814	79.996	19.995	100.439	19.543	33.728	1.006
257.500	316.303	79.996	19.996	100.440	19.536	34.162	1.011
258.000	316.784	79.995	19.995	100.442	19.527	34.759	0.986
258.500	317.319	79.995	19.995	100.445	19.519	35.291	0.993
259.000	317.812	79.996	19.994	100.450	19.510	35.849	1.022
259.500	318.306	79.996	19.994	100.455	19.506	36.125	1.008
260.000	318.801	79.996	19.996	100.462	19.489	37.189	0.988
260.500	319.295	79.997	19.996	100.467	19.483	37.584	0.989
261.000	319.802	79.998	19.996	100.474	19.472	38.251	0.995
261.500	320.283	79.996	19.995	100.479	19.468	38.533	0.995
262.000	320.794	79.998	19.995	100.482	19.457	39.195	0.990
262.500	321.279	79.997	19.995	100.485	19.443	40.083	0.993
263.000	321.756	79.998	19.995	100.491	19.435	40.614	0.979
263.500	322.265	79.998	19.995	100.496	19.423	41.360	0.974
264.000	322.744	79.998	19.995	100.502	19.417	41.758	0.987
264.500	323.248	79.998	19.995	100.507	19.405	42.511	0.985
265.000	323.723	79.998	19.995	100.513	19.395	43.136	0.981
265.500	324.239	79.998	19.995	100.519	19.384	43.888	0.985
266.000	324.756	79.998	19.995	100.520	19.370	44.791	1.012
266.500	325.263	79.998	19.995	100.520	19.355	45.697	1.029
267.000	325.767	79.999	19.994	100.525	19.346	46.283	1.018
267.500	326.278	79.998	19.994	100.530	19.335	47.004	1.013
268.000	326.784	79.999	19.995	100.534	19.326	47.542	1.016
268.500	327.302	79.998	19.994	100.541	19.311	48.509	1.020
269.000	327.815	79.998	19.996	100.548	19.299	49.278	1.027
269.500	328.269	79.998	19.995	100.554	19.286	50.108	0.999
270.000	328.766	79.998	19.995	100.561	19.273	50.986	0.959
270.500	329.282	79.998	19.994	100.569	19.255	52.085	0.982
271.000	329.791	79.999	19.994	100.577	19.244	52.804	1.019
271.500	330.275	79.999	19.994	100.584	19.226	53.981	1.009
272.000	330.746	79.998	19.995	100.592	19.210	54.973	0.974
272.500	331.233	79.997	19.994	100.601	19.199	55.660	0.956
273.000	331.777	79.999	19.995	100.608	19.182	56.784	0.994
273.500	332.270	79.998	19.994	100.615	19.166	57.802	1.034
274.000	332.788	79.998	19.994	100.622	19.152	58.692	1.024
274.500	333.246	79.997	19.994	100.629	19.136	59.716	0.993
275.000	333.797	79.996	19.994	100.631	19.119	60.822	0.993
275.500	334.277	79.998	19.996	100.636	19.100	62.008	1.021
276.000	334.796	79.996	19.994	100.644	19.086	62.937	1.015
276.500	335.296	79.995	19.995	100.652	19.063	64.361	1.008
277.000	335.807	79.996	19.995	100.660	19.047	65.415	1.015
277.500	336.311	79.997	19.994	100.672	19.031	66.426	1.013
278.000	336.826	79.996	19.995	100.685	19.007	67.965	1.017
278.500	337.332	79.997	19.995	100.693	18.986	69.295	1.020
279.000	337.795	79.996	19.995	100.705	18.962	70.823	0.995
279.500	338.267	79.997	19.995	100.718	18.948	71.767	0.952
280.000	338.812	79.996	19.995	100.728	18.922	73.419	0.976
280.500	339.310	79.996	19.995	100.736	18.895	75.118	1.030
281.000	339.798	79.997	19.996	100.746	18.875	76.422	1.015
281.500	340.292	79.996	19.994	100.755	18.855	77.689	0.984
282.000	340.797	79.996	19.996	100.765	18.831	79.270	0.991
282.500	341.288	79.996	19.995	100.772	18.806	80.861	0.998
283.000	341.796	79.997	19.996	100.781	18.787	82.060	0.998
283.500	342.322	79.996	19.996	100.794	18.759	83.866	1.016
284.000	342.771	79.995	19.996	100.805	18.733	85.553	1.004
284.500	343.273	79.997	19.995	100.813	18.705	87.318	0.963
285.000	343.815	79.996	19.996	100.827	18.681	88.889	0.997
285.500	344.298	79.994	19.995	100.843	18.652	90.761	1.034
286.000	344.755	79.995	19.995	100.852	18.623	92.583	0.983
286.500	345.278	79.995	19.995	100.865	18.594	94.456	0.960
287.000	345.799	79.996	19.995	100.880	18.562	96.502	1.012
287.500	346.293	79.995	19.996	100.891	18.530	98.594	1.029
288.000	346.816	79.996	19.996	100.904	18.498	100.622	1.016
288.500	347.305	79.995	19.996	100.918	18.465	102.722	1.014
289.000	347.784	79.997	19.995	100.929	18.437	104.553	0.989
289.500	348.310	79.997	19.996	100.941	18.404	106.675	0.987
290.000	348.794	79.997	19.996	100.954	18.366	109.100	1.008
290.500	349.278	79.995	19.996	100.966	18.338	110.899	0.989
291.000	349.799	79.998	19.997	100.982	18.303	113.153	0.987
291.500	350.322	79.996	19.997	100.998	18.268	115.414	1.024
292.000	350.792	79.996	19.996	101.012	18.233	117.616	1.018
292.500	351.314	79.996	19.996	101.028	18.197	119.918	0.992
293.000	351.843	79.997	19.997	101.041	18.163	122.148	1.022
293.500	352.324	79.995	19.997	101.049	18.126	124.523	1.031
294.000	352.814	79.997	19.996	101.060	18.086	127.085	0.990
294.500	353.330	79.997	19.996	101.074	18.049	129.462	0.989
295.000	353.823	79.997	19.996	101.087	18.012	131.805	1.008
295.500	354.338	79.998	19.997	101.103	17.977	134.081	1.008
296.000	354.854	79.997	19.996	101.120	17.928	137.223	1.019
296.500	355.370	79.998	19.997	101.139	17.894	139.386	1.031
297.000	355.866	79.997	19.996	101.154	17.853	141.985	1.022
297.500	356.353	79.997	19.998	101.169	17.811	144.721	0.997
298.000	356.854	79.995	19.996	101.182	17.770	147.290	0.986
298.500	357.366	79.996	19.997	101.195	17.729	149.941	1.000
299.000	357.908	79.997	19.996	101.204	17.688	152.580	1.033
299.500	358.380	79.997	19.996	101.215	17.649	155.060	1.034
300.000	358.845	79.996	19.996	101.228	17.610	157.523	0.976
300.500	359.356	79.998	19.996	101.238	17.564	160.473	0.957
301.000	359.845	79.997	19.996	101.252	17.525	163.003	0.988
301.500	360.352	79.996	19.996	101.267	17.480	165.825	0.998
302.000	360.858	79.996	19.996	101.279	17.438	168.539	1.004
302.500	361.333	79.996	19.996	101.287	17.397	171.124	0.997
303.000	361.833	79.997	19.996	101.294	17.358	173.647	0.978
303.500	362.355	79.997	19.996	101.302	17.314	176.407	0.998
304.000	362.823	79.996	19.996	101.310	17.274	178.941	1.006
304.500	363.339	79.996	19.995	101.318	17.232	181.625	0.987
305.000	363.862	79.995	19.996	101.326	17.185	184.601	1.011
305.500	364.338	79.996	19.995	101.336	17.149	186.925	1.019
306.000	364.857	79.996	19.996	101.344	17.108	189.455	0.997
306.500	365.339	79.995	19.996	101.351	17.065	192.167	0.998
307.000	365.844	79.995	19.995	101.359	17.028	194.524	0.994
307.500	366.367	79.995	19.996	101.368	16.988	196.997	1.008
308.000	366.850	79.995	19.996	101.374	16.956	199.064	1.017
308.500	367.357	79.995	19.996	101.377	16.920	201.324	0.998
309.000	367.852	79.995	19.996	101.378	16.884	203.561	0.996
309.500	368.350	79.996	19.997	101.379	16.846	205.939	0.997
310.000	368.842	79.995	19.995	101.380	16.811	208.129	0.991
310.500	369.359	79.996	19.996	101.380	16.783	209.885	1.000
311.000	369.886	79.995	19.995	101.381	16.750	211.915	1.027
311.500	370.370	79.994	19.996	101.381	16.722	213.663	1.027
312.000	370.856	79.997	19.998	101.380	16.696	215.279	0.990
312.500	371.416	79.995	19.996	101.379	16.668	216.943	1.008
313.000	371.875	79.995	19.995	101.379	16.649	218.134	1.032
313.500	372.360	79.996	19.996	101.373	16.623	219.726	0.981
314.000	372.906	79.995	19.997	101.367	16.602	221.006	0.988
314.500	373.431	79.995	19.997	101.359	16.586	221.918	1.051
315.000	373.875	79.998	19.996	101.351	16.574	222.656	1.020
315.500	374.430	79.996	19.997	101.340	16.559	223.500	0.984
316.000	374.890	79.996	19.997	101.334	16.541	224.577	1.007
316.500	375.419	79.996	19.996	101.322	16.530	225.232	1.002
317.000	375.903	79.997	19.997	101.306	16.526	225.393	1.001
317.500	376.393	79.996	19.996	101.288	16.521	225.596	0.994
318.000	376.913	79.998	19.998	101.267	16.515	225.928	0.992
318.500	377.395	79.997	19.997	101.246	16.517	225.716	1.006
319.000	377.913	79.997	19.997	101.228	16.518	225.570	1.001
319.500	378.408	79.997	19.997	101.212	16.523	225.189	1.006
320.000	378.906	79.996	19.996	101.192	16.533	224.507	1.003
320.500	379.416	79.996	19.996	101.176	16.543	223.800	1.001
321.000	379.964	79.998	19.996	101.155	16.557	222.795	1.033
321.500	380.434	79.997	19.996	101.131	16.574	221.674	1.038
322.000	380.950	79.997	19.997	101.105	16.597	220.124	1.002
322.500	381.430	79.997	19.996	101.084	16.615	218.947	0.992
323.000	381.928	79.998	19.996	101.054	16.639	217.361	0.987
323.500	382.432	79.998	19.997	101.025	16.669	215.408	0.990
324.000	382.938	79.998	19.996	100.996	16.698	213.487	1.006
324.500	383.452	79.997	19.996	100.967	16.740	210.813	1.015
325.000	383.996	79.997	19.996	100.935	16.774	208.639	1.039
325.500	384.488	79.997	19.996	100.905	16.823	205.493	1.047
326.000	384.980	79.997	19.996	100.875	16.862	202.963	1.010
326.500	385.479	79.997	19.996	100.843	16.913	199.725	0.987
327.000	386.015	79.997	19.996	100.812	16.957	196.922	1.013
327.500	386.512	79.996	19.995	100.778	17.016	193.214	1.034
328.000	386.987	79.997	19.995	100.741	17.072	189.637	1.002
328.500	387.535	79.997	19.996	100.706	17.125	186.218	0.997
329.000	388.056	79.998	19.997	100.670	17.188	182.247	1.046
329.500	388.591	79.997	19.996	100.637	17.255	177.982	1.063
330.000	389.061	79.997	19.995	100.604	17.318	174.007	1.031
330.500	389.567	79.997	19.995	100.572	17.390	169.511	0.990
331.000	390.074	79.996	19.995	100.539	17.458	165.206	0.994
331.500	390.603	79.996	19.996	100.505	17.527	160.839	1.024
332.000	391.121	79.995	19.995	100.470	17.600	156.227	1.041
332.500	391.637	79.997	19.996	100.436	17.675	151.505	1.041
333.000	392.130	79.998	19.995	100.404	17.753	146.586	1.022
333.500	392.642	79.997	19.996	100.374	17.826	141.960	1.008
334.000	393.171	79.996	19.996	100.346	17.907	136.890	1.023
334.500	393.690	79.998	19.995	100.319	17.980	132.270	1.044
335.000	394.211	79.995	19.996	100.293	18.058	127.360	1.044
335.500	394.713	79.996	19.996	100.270	18.131	122.780	1.032
336.000	395.248	79.998	19.995	100.249	18.210	117.769	1.030
336.500	395.757	79.999	19.995	100.229	18.286	112.969	1.040
337.000	396.241	79.997	19.995	100.215	18.363	108.121	1.018
337.500	396.794	79.997	19.995	100.202	18.439	103.336	1.015
338.000	397.254	79.997	19.995	100.190	18.511	98.771	1.025
338.500	397.802	79.997	19.995	100.179	18.591	93.696	1.011
339.000	398.330	79.997	19.995	100.164	18.659	89.448	1.042
339.500	398.824	79.998	19.995	100.150	18.727	85.132	1.049
340.000	399.362	79.998	19.995	100.140	18.796	80.757	1.027
340.500	399.896	79.998	19.995	100.132	18.861	76.718	1.052
341.000	400.399	79.997	19.995	100.125	18.927	72.520	1.055
341.500	400.885	79.999	19.995	100.127	18.985	68.881	1.013
342.000	401.421	79.998	19.995	100.127	19.050	64.781	1.005
342.500	401.926	79.999	19.995	100.126	19.101	61.549	1.031
343.000	402.450	79.999	19.995	100.126	19.155	58.100	1.035
343.500	402.961	79.999	19.996	100.126	19.211	54.589	1.032
344.000	403.484	79.998	19.995	100.125	19.261	51.411	1.035
344.500	404.025	79.999	19.996	100.127	19.306	48.593	1.049
345.000	404.486	79.999	19.995	100.134	19.350	45.793	1.033
345.500	405.049	79.998	19.996	100.141	19.396	42.922	1.013
346.000	405.565	79.999	19.995	100.148	19.437	40.279	1.052
346.500	406.075	79.999	19.995	100.154	19.470	38.250	1.052
347.000	406.566	79.998	19.995	100.158	19.509	35.759	1.013
347.500	407.111	79.999	19.995	100.161	19.540	33.815	1.019
348.000	407.655	79.999	19.995	100.162	19.572	31.788	1.063
348.500	408.139	79.997	19.995	100.162	19.603	29.841	1.058
349.000	408.631	79.998	19.995	100.162	19.630	28.150	1.002
349.500	409.137	79.997	19.995	100.164	19.655	26.556	0.987
350.000	409.649	79.999	19.995	100.165	19.677	25.157	1.008
350.500	410.155	79.997	19.994	100.169	19.699	23.764	1.018
351.000	410.652	79.997	19.996	100.176	19.719	22.477	1.010
351.500	411.197	79.997	19.996	100.181	19.744	20.924	1.023
352.000	411.710	79.998	19.994	100.185	19.758	20.016	1.050
352.500	412.203	79.998	19.996	100.184	19.773	19.116	1.032
353.000	412.743	79.997	19.995	100.184	19.789	18.078	1.019
353.500	413.245	79.998	19.995	100.179	19.801	17.333	1.038
354.000	413.744	79.996	19.995	100.176	19.814	16.522	1.022
354.500	414.263	79.995	19.995	100.171	19.826	15.750	1.010
355.000	414.731	79.997	19.996	100.169	19.839	14.907	1.002
355.500	415.279	79.996	19.995	100.165	19.847	14.413	1.001
356.000	415.781	79.996	19.996	100.164	19.854	13.963	1.033
356.500	416.295	79.997	19.996	100.163	19.864	13.368	1.033
357.000	416.793	79.996	19.996	100.167	19.878	12.445	1.013
357.500	417.309	79.996	19.996	100.172	19.879	12.427	1.013
358.000	417.816	79.996	19.996	100.172	19.883	12.176	1.019
358.500	418.339	79.997	19.996	100.174	19.891	11.676	1.027
359.000	418.838	79.996	19.995	100.173	19.898	11.192	1.026
359.500	419.361	79.997	19.996	100.169	19.903	10.910	1.021
360.000	419.898	79.997	19.995	100.166	19.903	10.884	1.041
360.500	420.389	79.996	19.995	100.166	19.910	10.463	1.045
361.000	420.876	79.997	19.995	100.164	19.913	10.277	1.003
361.500	421.385	79.997	19.996	100.163	19.916	10.038	0.987
362.000	421.921	79.998	19.995	100.163	19.921	9.731	1.020
362.500	422.429	79.997	19.995	100.161	19.925	9.530	1.045
363.000	422.935	79.996	19.996	100.161	19.928	9.310	1.029
363.500	423.438	79.997	19.995	100.161	19.926	9.418	1.011
364.000	423.948	79.997	19.995	100.161	19.933	8.980	1.010
364.500	424.470	79.996	19.995	100.162	19.932	9.078	1.022
365.000	424.949	79.998	19.995	100.162	19.933	9.016	1.016
365.500	425.515	79.997	19.996	100.162	19.933	8.981	1.023
366.000	425.997	79.996	19.995	100.163	19.937	8.748	1.047
366.500	426.490	79.996	19.995	100.163	19.939	8.646	1.012
367.000	426.985	79.996	19.995	100.161	19.939	8.608	0.982
367.500	427.528	79.997	19.995	100.160	19.940	8.576	1.013
368.000	428.012	79.997	19.995	100.160	19.943	8.347	1.032
368.500	428.538	79.997	19.995	100.160	19.944	8.284	1.019
369.000	429.059	79.997	19.995	100.160	19.947	8.132	1.029
369.500	429.562	79.996	19.995	100.155	19.949	7.969	1.035
370.000	430.035	79.996	19.996	100.152	19.949	7.988	1.000
370.500	430.527	79.997	19.995	100.148	19.949	7.954	0.970
371.000	431.033	79.995	19.996	100.147	19.948	8.072	0.982
371.500	431.578	79.996	19.995	100.149	19.953	7.756	1.025
372.000	432.090	79.995	19.995	100.157	19.947	8.140	1.054
372.500	432.575	79.996	19.995	100.161	19.953	7.763	1.027
373.000	433.091	79.997	19.996	100.166	19.949	8.010	0.999
373.500	433.599	79.996	19.996	100.167	19.950	7.924	1.012
374.000	434.136	79.997	19.995	100.166	19.950	7.910	1.034
374.500	434.633	79.997	19.996	100.164	19.947	8.093	1.039
375.000	435.129	79.996	19.996	100.162	19.951	7.850	1.014
375.500	435.644	79.997	19.996	100.162	19.951	7.886	1.002
376.000	436.139	79.997	19.996	100.162	19.953	7.725	1.010
376.500	436.699	79.996	19.996	100.163	19.953	7.718	1.032
377.000	437.170	79.997	19.996	100.163	19.955	7.625	1.043
377.500	437.682	79.995	19.996	100.165	19.954	7.659	1.007
378.000	438.160	79.997	19.996	100.164	19.957	7.475	0.987
378.500	438.668	79.995	19.996	100.161	19.957	7.461	0.988
379.000	439.174	79.995	19.996	100.157	19.960	7.314	1.000
379.500	439.668	79.995	19.996	100.150	19.955	7.624	1.007
380.000	440.189	79.995	19.996	100.144	19.957	7.485	1.007
380.500	440.701	79.995	19.996	100.142	19.956	7.541	1.024
381.000	441.178	79.995	19.996	100.145	19.957	7.494	1.011
381.500	441.715	79.996	19.996	100.150	19.959	7.335	1.002
382.000	442.222	79.996	19.997	100.161	19.959	7.320	1.029
382.500	442.724	79.995	19.996	100.167	19.957	7.454	1.026
383.000	443.241	79.996	19.997	100.168	19.954	7.690	1.014
383.500	443.740	79.996	19.996	100.168	19.958	7.404	1.018
384.000	444.201	79.994	19.997	100.164	19.957	7.476	0.988
384.500	444.734	79.994	19.995	100.161	19.954	7.644	0.977
385.000	445.248	79.994	19.996	100.161	19.961	7.211	1.020
385.500	445.770	79.994	19.996	100.162	19.963	7.126	1.042
386.000	446.217	79.994	19.995	100.162	19.959	7.335	1.003
386.500	446.722	79.994	19.995	100.163	19.965	6.960	0.961
387.000	447.223	79.993	19.996	100.159	19.961	7.215	0.979
387.500	447.694	79.995	19.996	100.159	19.962	7.178	0.989
388.000	448.215	79.995	19.995	100.159	19.963	7.107	0.982
388.500	448.686	79.993	19.995	100.157	19.962	7.156	0.992
389.000	449.209	79.995	19.997	100.153	19.961	7.233	0.993
389.500	449.728	79.994	19.996	100.157	19.958	7.442	1.018
390.000	450.229	79.995	19.995	100.159	19.959	7.360	1.031
390.500	450.713	79.995	19.996	100.153	19.958	7.408	1.002
391.000	451.217	79.995	19.996	100.127	19.961	7.196	0.987
391.500	451.700	79.996	19.996	100.098	19.957	7.464	0.988
392.000	452.225	79.996	19.996	100.082	19.956	7.567	0.998
392.500	452.743	79.996	19.995	100.075	19.966	6.922	1.025
393.000	453.228	79.996	19.996	100.080	19.962	7.147	1.022
393.500	453.740	79.998	19.996	100.132	19.961	7.199	1.000
394.000	454.263	79.997	19.996	100.196	19.962	7.155	1.016
394.500	454.724	79.995	19.996	100.217	19.962	7.148	1.010
395.000	455.268	79.996	19.995	100.218	19.962	7.167	0.994
395.500	455.774	79.996	19.996	100.211	19.961	7.210	1.028
396.000	456.259	79.996	19.996	100.182	19.966	6.897	1.020
396.500	456.760	79.997	19.995	100.149	19.962	7.140	0.988
397.000	457.250	79.995	19.995	100.141	19.961	7.258	0.988
397.500	457.754	79.998	19.997	100.145	19.963	7.090	0.993
398.000	458.246	79.998	19.996	100.152	19.965	6.944	0.996
398.500	458.790	79.997	19.995	100.156	19.960	7.287	1.017
399.000	459.250	79.998	19.997	100.157	19.963	7.093	1.020
399.500	459.782	79.998	19.996	100.159	19.964	7.054	0.997
400.000	460.266	79.997	19.996	100.157	19.960	7.267	1.003
400.500	460.767	79.997	19.997	100.154	19.961	7.226	1.000
401.000	461.255	79.996	19.997	100.156	19.964	7.009	0.987
401.500	461.804	79.998	19.996	100.152	19.967	6.837	1.013
402.000	462.256	79.997	19.996	100.144	19.963	7.105	1.019
402.500	462.781	79.998	19.996	100.140	19.965	6.990	0.989
403.000	463.295	79.998	19.996	100.142	19.965	6.997	1.008
403.500	463.759	79.998	19.996	100.137	19.960	7.303	1.009
404.000	464.293	79.996	19.997	100.141	19.962	7.148	0.988
404.500	464.752	79.996	19.996	100.147	19.963	7.094	0.995
405.000	465.277	79.998	19.997	100.152	19.964	7.036	0.988
405.500	465.750	79.997	19.997	100.153	19.965	6.952	0.992
406.000	466.275	79.997	19.995	100.152	19.963	7.112	0.999
406.500	466.766	79.996	19.997	100.152	19.966	6.902	1.007
407.000	467.254	79.997	19.997	100.153	19.967	6.827	0.997
407.500	467.766	79.999	19.997	100.154	19.965	7.005	0.990
408.000	468.286	79.997	19.997	100.153	19.968	6.800	1.016
408.500	468.755	79.997	19.996	100.154	19.969	6.692	1.010
409.000	469.263	79.996	19.996	100.152	19.963	7.073	0.983
409.500	469.754	79.996	19.997	100.150	19.970	6.685	0.988
410.000	470.280	79.997	19.998	100.150	19.968	6.802	1.008
410.500	470.798	79.996	19.997	100.151	19.966	6.933	1.031
411.000	471.272	79.997	19.998	100.152	19.969	6.724	1.018
411.500	471.740	79.995	19.996	100.155	19.965	6.958	0.967
412.000	472.288	79.996	19.996	100.156	19.966	6.915	0.979
412.500	472.780	79.997	19.996	100.153	19.970	6.655	1.028
413.000	473.285	79.996	19.997	100.151	19.969	6.701	1.018
413.500	473.797	79.997	19.996	100.153	19.970	6.662	1.007
414.000	474.319	79.996	19.995	100.151	19.968	6.782	1.025
414.500	474.868	79.997	19.996	100.148	19.967	6.825	1.052
415.000	475.320	79.998	19.996	100.144	19.968	6.810	1.036
415.500	475.859	79.998	19.996	100.142	19.969	6.709	0.996
416.000	476.295	79.997	19.996	100.142	19.968	6.801	0.983
416.500	476.807	79.998	19.996	100.143	19.969	6.695	0.961
417.000	477.343	79.997	19.995	100.147	19.968	6.771	0.998
417.500	477.851	79.997	19.996	100.151	19.970	6.678	1.046
418.000	478.348	79.998	19.995	100.149	19.975	6.315	1.025
418.500	478.853	79.997	19.995	100.145	19.972	6.552	1.003
419.000	479.355	79.998	19.996	100.141	19.972	6.552	1.004
419.500	479.834	79.999	19.996	100.136	19.966	6.928	0.994
420.000	480.398	79.997	19.995	100.136	19.969	6.705	1.013
420.500	480.839	79.998	19.996	100.141	19.975	6.358	1.024
421.000	481.371	79.999	19.996	100.144	19.969	6.743	0.988
421.500	481.879	79.998	19.995	100.141	19.973	6.475	1.007
422.000	482.392	79.999	19.996	100.138	19.970	6.667	1.031
422.500	482.830	79.998	19.996	100.134	19.974	6.397	0.986
423.000	483.361	79.999	19.995	100.128	19.976	6.260	0.960
423.500	483.890	79.999	19.996	100.123	19.971	6.576	1.015
424.000	484.384	79.998	19.995	100.123	19.971	6.602	1.042
424.500	484.858	79.999	19.995	100.126	19.976	6.310	0.995
425.000	485.355	79.999	19.996	100.128	19.972	6.507	0.969
425.500	485.902	79.997	19.995	100.126	19.972	6.510	1.007
426.000	486.389	80.000	19.995	100.127	19.977	6.211	1.039
426.500	486.883	79.998	19.995	100.130	19.974	6.416	1.008
427.000	487.384	79.997	19.995	100.130	19.971	6.583	0.988
427.500	487.880	79.998	19.995	100.129	19.976	6.258	0.996
428.000	488.423	79.998	19.994	100.135	19.974	6.408	1.018
428.500	488.913	79.999	19.994	100.136	19.975	6.327	1.036
429.000	489.403	79.997	19.996	100.133	19.981	5.961	1.006
429.500	489.961	79.997	19.995	100.135	19.976	6.302	1.013
430.000	490.402	79.997	19.995	100.135	19.973	6.454	1.023
430.500	490.976	79.996	19.995	100.130	19.978	6.172	1.008
431.000	491.391	79.998	19.996	100.130	19.974	6.393	1.002
431.500	491.948	79.997	19.994	100.130	19.981	5.941	0.980
432.000	492.437	79.996	19.997	100.130	19.974	6.393	1.009
432.500	492.973	79.995	19.995	100.129	19.975	6.316	1.036
433.000	493.429	79.995	19.996	100.128	19.978	6.148	1.009
433.500	493.947	79.996	19.995	100.128	19.985	5.696	0.983
434.000	494.456	79.997	19.996	100.128	19.972	6.563	1.000
434.500	494.995	79.996	19.996	100.127	19.980	6.051	1.038
435.000	495.470	79.995	19.995	100.130	19.991	5.332	1.031
435.500	496.029	79.993	19.995	100.130	19.988	5.497	1.023
436.000	496.439	79.996	19.997	100.098	19.975	6.318	1.001
436.500	497.025	79.995	19.995	100.069	19.980	6.021	0.983
437.000	497.538	79.996	19.996	100.054	19.979	6.115	1.048
437.500	498.062	79.995	19.995	100.048	19.986	5.665	1.068
438.000	498.469	79.996	19.995	100.050	19.987	5.602	0.984
438.500	499.028	79.995	19.996	100.092	19.984	5.763	0.948
439.000	499.544	79.995	19.995	100.156	19.985	5.715	1.021
439.500	500.084	79.994	19.996	100.205	19.985	5.712	1.066
440.000	500.527	79.996	19.996	100.220	19.989	5.456	1.020
440.500	501.070	79.996	19.996	100.220	19.980	6.038	0.984
441.000	501.610	79.994	19.996	100.213	19.985	5.736	1.034
441.500	502.138	79.994	19.995	100.178	19.988	5.543	1.076
442.000	502.577	79.995	19.996	100.145	19.987	5.605	1.018
442.500	503.042	79.995	19.995	100.141	19.983	5.842	0.936
443.000	503.656	79.996	19.996	100.143	19.986	5.640	0.992
443.500	504.120	79.996	19.995	100.147	19.990	5.392	1.078
444.000	504.571	79.996	19.996	100.150	19.987	5.590	0.996
444.500	505.136	79.996	19.996	100.148	19.984	5.749	0.965
445.000	505.622	79.995	19.995	100.140	19.987	5.591	1.034
445.500	506.147	79.996	19.995	100.135	19.990	5.366	1.031
446.000	506.596	79.995	19.995	100.128	19.988	5.516	0.992
446.500	507.169	79.996	19.996	100.125	19.993	5.222	0.998
447.000	507.594	79.995	19.995	100.124	19.988	5.542	1.010
447.500	508.505	79.994	19.995	100.125	19.987	5.567	1.167
448.000	508.342	79.995	19.995	100.126	19.992	5.289	1.042
448.500	509.579	79.997	19.996	100.127	19.991	5.354	0.911
449.000	509.848	79.996	19.996	100.127	19.988	5.536	1.290
449.500	510.424	79.994	19.996	100.127	19.988	5.524	1.175
450.000	510.514	79.997	19.995	100.127	19.994	5.169	0.756
450.500	511.189	79.999	19.995	100.127	19.992	5.265	0.715
451.000	511.895	79.997	19.994	100.127	19.993	5.194	1.073
451.500	512.351	79.996	19.995	100.130	19.990	5.364	1.272
452.000	512.715	79.997	19.995	100.130	19.990	5.411	0.991
452.500	513.187	79.995	19.994	100.130	19.991	5.332	0.828
453.000	513.706	79.996	19.995	100.130	19.991	5.357	0.914
453.500	514.436	79.996	19.994	100.129	19.991	5.307	1.120
454.000	514.816	79.996	19.994	100.127	19.991	5.309	1.179
454.500	515.301	79.997	19.995	100.128	19.989	5.440	0.987
455.000	515.802	79.998	19.995	100.127	19.991	5.301	0.925
455.500	516.297	79.996	19.994	100.127	19.991	5.354	0.991
456.000	516.896	79.997	19.995	100.126	19.991	5.340	1.045
456.500	517.363	79.996	19.995	100.126	19.995	5.107	1.080
457.000	517.876	79.996	19.995	100.126	19.991	5.304	1.023
457.500	518.389	79.997	19.996	100.126	19.992	5.282	1.003
458.000	518.933	79.995	19.995	100.127	19.993	5.232	1.042
458.500	519.400	79.995	19.996	100.128	19.993	5.186	1.034
459.000	519.977	79.996	19.995	100.127	19.993	5.189	1.028
459.500	520.466	79.995	19.995	100.126	19.994	5.129	1.055
460.000	521.007	79.996	19.995	100.126	19.995	5.093	1.047
460.500	521.480	79.995	19.997	100.127	20.000	4.794	1.022
461.000	522.012	79.995	19.997	100.125	19.994	5.144	1.010
461.500	522.531	79.997	19.995	100.125	19.994	5.144	1.028
462.000	523.003	79.996	19.996	100.124	19.996	5.045	1.021
462.500	523.600	79.996	19.996	100.122	19.997	4.985	1.030
463.000	524.048	79.995	19.995	100.120	19.994	5.131	1.057
463.500	524.605	79.996	19.995	100.121	19.995	5.084	1.025
464.000	525.117	79.995	19.995	100.121	19.999	4.856	1.036
464.500	525.620	79.994	19.996	100.119	19.998	4.905	1.041
465.000	526.161	79.995	19.996	100.118	19.995	5.083	1.029
465.500	526.652	79.995	19.996	100.118	20.000	4.734	1.038
466.000	527.122	79.995	19.996	100.118	19.996	5.009	0.997
466.500	527.641	79.995	19.996	100.119	20.000	4.782	0.975
467.000	528.185	79.994	19.996	100.124	19.996	5.028	1.026
467.500	528.711	79.995	19.996	100.126	20.003	4.602	1.067
468.000	529.215	79.995	19.995	100.126	20.001	4.694	1.050
468.500	529.706	79.994	19.996	100.126	19.997	4.950	1.012
469.000	530.219	79.996	19.996	100.126	20.001	4.708	0.999
469.500	530.788	79.996	19.996	100.125	19.998	4.912	1.043
470.000	531.267	79.995	19.996	100.125	19.999	4.820	1.065
470.500	531.834	79.995	19.996	100.124	19.999	4.837	1.047
471.000	532.303	79.994	19.994	100.124	20.002	4.660	1.041
471.500	532.802	79.994	19.996	100.122	19.999	4.840	1.002
472.000	533.331	79.996	19.996	100.121	20.003	4.591	0.998
472.500	533.849	79.997	19.996	100.121	20.000	4.749	1.037
473.000	534.368	79.996	19.995	100.121	20.003	4.563	1.042
473.500	534.911	79.997	19.996	100.121	20.002	4.643	1.049
474.000	535.456	79.996	19.996	100.121	20.002	4.606	1.075
474.500	535.953	79.997	19.995	100.121	19.999	4.799	1.065
475.000	536.488	79.996	19.995	100.121	20.007	4.311	1.037
475.500	536.976	79.998	19.995	100.121	20.002	4.632	1.027
476.000	537.467	79.997	19.996	100.122	20.001	4.672	1.001
476.500	537.977	79.998	19.996	100.122	20.004	4.488	0.991
477.000	538.495	79.997	19.996	100.124	20.003	4.562	1.015
477.500	539.014	79.996	19.996	100.128	20.004	4.539	1.032
478.000	539.542	79.998	19.997	100.128	20.001	4.684	1.042
478.500	540.062	79.997	19.995	100.128	20.000	4.737	1.048
479.000	540.599	79.997	19.996	100.127	20.005	4.447	1.053
479.500	541.107	79.998	19.996	100.125	20.001	4.722	1.050
480.000	541.590	79.997	19.996	100.123	20.004	4.510	1.018
480.500	542.114	79.997	19.996	100.122	20.003	4.548	0.999
481.000	542.630	79.997	19.995	100.122	20.005	4.466	1.023
481.500	543.161	79.997	19.996	100.121	20.002	4.637	1.044
482.000	543.693	79.997	19.996	100.120	20.002	4.649	1.055
482.500	544.201	79.994	19.995	100.118	20.003	4.574	1.052
483.000	544.691	79.996	19.996	100.118	20.004	4.512	1.019
483.500	545.177	79.997	19.996	100.118	20.006	4.412	0.987
484.000	545.724	79.996	19.996	100.119	20.000	4.749	1.005
484.500	546.219	79.997	19.996	100.120	20.001	4.701	1.038
485.000	546.733	79.997	19.997	100.120	19.999	4.830	1.025
485.500	547.260	79.996	19.995	100.121	20.001	4.718	1.025
486.000	547.772	79.997	19.996	100.121	20.006	4.405	1.040
486.500	548.272	79.998	19.996	100.121	20.003	4.558	1.026
487.000	548.786	79.995	19.995	100.121	20.000	4.774	1.013
487.500	549.296	79.996	19.995	100.121	20.006	4.407	1.019
488.000	549.823	79.996	19.996	100.121	20.006	4.390	1.030
488.500	550.329	79.997	19.997	100.121	20.006	4.407	1.034
489.000	550.819	79.996	19.996	100.120	20.007	4.330	1.014
489.500	551.329	79.996	19.996	100.119	20.004	4.529	0.998
490.000	551.832	79.996	19.996	100.119	20.008	4.249	1.007
490.500	552.353	79.995	19.997	100.119	20.005	4.477	1.018
491.000	552.889	79.996	19.997	100.119	20.007	4.337	1.040
491.500	553.357	79.995	19.997	100.120	20.008	4.275	1.030
492.000	553.909	79.995	19.997	100.121	20.003	4.574	1.012
492.500	554.426	79.997	19.996	100.120	20.006	4.379	1.045
493.000	554.952	79.994	19.996	100.118	20.006	4.366	1.056
493.500	555.450	79.996	19.996	100.118	20.008	4.286	1.034
494.000	555.982	79.995	19.996	100.118	20.008	4.242	1.027
494.500	556.477	79.996	19.996	100.118	20.005	4.441	1.028
495.000	556.996	79.995	19.996	100.119	20.009	4.224	1.021
495.500	557.476	79.996	19.997	100.121	20.011	4.069	1.007
496.000	558.005	79.996	19.997	100.116	20.009	4.222	1.004
496.500	558.533	79.997	19.997	100.113	20.009	4.196	1.033
497.000	559.051	79.997	19.995	100.112	20.007	4.312	1.052
497.500	559.560	79.995	19.996	100.110	20.007	4.301	1.037
498.000	560.056	79.995	19.996	100.110	20.010	4.157	1.016
498.500	560.558	79.998	19.996	100.113	20.007	4.292	1.001
499.000	561.087	79.997	19.995	100.113	20.005	4.424	1.014
499.500	561.587	79.995	19.995	100.115	20.010	4.108	1.030
500.000	562.079	79.995	19.996	100.116	20.007	4.333	1.011
500.500	562.616	79.998	19.997	100.117	20.011	4.078	1.010
501.000	563.125	79.996	19.995	100.117	20.009	4.218	1.038
501.500	563.651	79.998	19.996	100.117	20.009	4.176	1.041
502.000	564.182	79.998	19.995	100.117	20.005	4.465	1.046
502.500	564.655	79.998	19.996	100.117	20.007	4.340	1.030
503.000	565.182	79.998	19.996	100.116	20.011	4.072	1.002
503.500	565.704	79.998	19.996	100.113	20.010	4.125	1.025
504.000	566.190	79.998	19.995	100.114	20.007	4.322	1.028
504.500	566.686	79.998	19.995	100.110	20.005	4.439	0.994
505.000	567.220	79.997	19.994	100.105	20.008	4.231	1.006
505.500	567.695	79.996	19.995	100.100	20.010	4.146	1.020
506.000	568.230	79.997	19.994	100.101	20.009	4.211	1.010
506.500	568.763	79.998	19.995	100.096	20.012	3.996	1.039
507.000	569.230	79.998	19.994	100.092	20.010	4.110	1.034
507.500	569.755	79.998	19.995	100.095	20.010	4.131	0.996
508.000	570.253	79.996	19.995	100.100	20.007	4.325	1.008
508.500	570.759	79.998	19.996	100.099	20.012	4.037	1.014
509.000	571.260	79.997	19.994	100.104	20.014	3.903	1.005
509.500	571.773	79.998	19.997	100.108	20.009	4.201	1.010
510.000	572.318	79.997	19.995	100.106	20.012	4.036	1.036
510.500	572.798	79.995	19.995	100.106	20.010	4.135	1.042
511.000	573.322	79.995	19.995	100.108	20.007	4.305	1.015
511.500	573.836	79.995	19.995	100.106	20.006	4.373	1.021
512.000	574.339	79.995	19.994	100.106	20.012	4.010	1.027
512.500	574.877	79.995	19.996	100.108	20.010	4.106	1.029
513.000	575.384	79.996	19.995	100.106	20.013	3.927	1.043
513.500	575.877	79.997	19.996	100.106	20.008	4.271	1.023
514.000	576.415	79.995	19.994	100.106	20.012	3.989	1.016
514.500	576.927	79.996	19.995	100.107	20.009	4.181	1.041
515.000	577.383	79.994	19.996	100.107	20.011	4.082	1.009
515.500	577.913	79.996	19.996	100.107	20.011	4.078	0.977
516.000	578.383	79.996	19.995	100.109	20.013	3.960	0.993
516.500	578.889	79.994	19.994	100.113	20.012	4.006	0.988
517.000	579.437	79.997	19.996	100.116	20.011	4.089	1.015
517.500	579.944	79.996	19.994	100.119	20.012	4.013	1.055
518.000	580.399	79.997	19.995	100.121	20.011	4.087	1.009
518.500	580.914	79.996	19.994	100.121	20.011	4.048	0.965
519.000	581.447	79.996	19.995	100.117	20.009	4.221	1.009
519.500	581.901	79.995	19.996	100.111	20.015	3.845	1.018
520.000	582.438	79.996	19.995	100.109	20.012	4.015	0.989
520.500	582.909	79.995	19.996	100.109	20.012	3.991	1.000
521.000	583.464	79.995	19.995	100.108	20.015	3.845	1.017
521.500	583.938	79.995	19.996	100.108	20.013	3.966	1.027
522.000	584.418	79.995	19.995	100.113	20.014	3.860	0.992
522.500	584.944	79.996	19.995	100.113	20.010	4.109	0.980
523.000	585.470	79.995	19.996	100.110	20.015	3.800	1.029
523.500	585.970	79.995	19.996	100.107	20.016	3.780	1.039
524.000	586.470	79.995	19.995	100.108	20.010	4.123	1.013
524.500	586.968	79.996	19.995	100.104	20.014	3.910	0.999
525.000	587.489	79.995	19.994	100.104	20.011	4.077	1.008
525.500	587.956	79.996	19.995	100.104	20.013	3.960	1.003
526.000	588.479	79.996	19.996	100.108	20.010	4.104	0.990
526.500	588.973	79.998	19.995	100.108	20.014	3.874	1.004
527.000	589.467	79.997	19.996	100.105	20.013	3.940	1.002
527.500	589.944	79.998	19.996	100.104	20.017	3.680	0.979
528.000	590.485	79.997	19.995	100.106	20.016	3.774	0.995
528.500	591.003	79.997	19.995	100.106	20.016	3.759	1.039
529.000	591.468	79.997	19.995	100.106	20.013	3.922	1.020
529.500	591.998	79.996	19.995	100.108	20.012	3.985	0.988
530.000	592.474	79.996	19.996	100.109	20.010	4.152	1.000
530.500	592.983	79.997	19.996	100.104	20.016	3.762	0.996
531.000	593.493	79.997	19.996	100.101	20.014	3.878	1.002
531.500	593.994	79.997	19.996	100.102	20.012	4.011	1.014
532.000	594.484	79.996	19.995	100.100	20.008	4.270	1.001
532.500	595.019	79.996	19.995	100.098	20.014	3.899	1.008
533.000	595.541	79.996	19.995	100.102	20.011	4.061	1.041
533.500	596.009	79.997	19.996	100.106	20.014	3.867	1.023
534.000	596.542	79.995	19.996	100.107	20.010	4.125	0.996
534.500	597.030	79.996	19.996	100.110	20.011	4.080	1.011
535.000	597.553	79.997	19.996	100.109	20.012	4.009	1.016
535.500	598.026	79.996	19.995	100.109	20.015	3.831	1.003
536.000	598.562	79.997	19.997	100.109	20.009	4.178	1.003
536.500	599.056	79.995	19.994	100.110	20.011	4.059	1.020
537.000	599.535	79.995	19.996	100.112	20.012	4.017	1.001
537.500	600.050	79.995	19.995	100.116	20.013	3.965	0.983
538.000	600.561	79.996	19.995	100.114	20.010	4.108	1.010
538.500	601.033	79.996	19.995	100.112	20.014	3.910	1.005
539.000	601.554	79.995	19.994	100.108	20.011	4.066	0.988
539.500	602.068	79.997	19.996	100.102	20.012	4.035	1.014
540.000	602.526	79.995	19.995	100.097	20.006	4.409	1.004
540.500	603.081	79.995	19.995	100.096	20.009	4.198	0.993
541.000	603.535	79.995	19.994	100.091	20.010	4.139	1.010
541.500	603.995	79.997	19.996	100.088	20.010	4.153	0.961
542.000	604.569	79.995	19.996	100.088	20.010	4.114	0.974
542.500	605.016	79.994	19.996	100.093	20.013	3.932	1.028
543.000	605.539	79.994	19.995	100.093	20.010	4.128	0.996
543.500	606.004	79.996	19.996	100.096	20.008	4.288	0.979
544.000	606.539	79.995	19.996	100.102	20.011	4.092	0.994
544.500	607.097	79.995	19.996	100.102	20.007	4.293	1.046
545.000	607.504	79.995	19.996	100.100	20.012	4.019	1.029
545.500	607.913	79.996	19.995	100.101	20.012	3.991	0.891
546.000	608.469	79.995	19.995	100.100	20.012	4.019	0.891
546.500	609.041	79.995	19.997	100.099	20.009	4.194	1.046
547.000	609.537	79.996	19.995	100.103	20.007	4.318	1.097
547.500	610.060	79.997	19.997	100.106	20.012	4.037	1.043
548.000	610.544	79.995	19.995	100.111	20.011	4.041	1.013
548.500	611.007	79.995	19.997	100.114	20.010	4.101	0.977
549.000	611.573	79.996	19.995	100.115	20.007	4.291	0.988
549.500	612.026	79.996	19.996	100.110	20.008	4.264	1.024
550.000	612.550	79.995	19.996	100.103	20.000	4.776	0.997
550.500	613.036	79.995	19.996	100.096	20.010	4.109	0.993
551.000	613.573	79.996	19.996	100.090	20.013	3.950	1.017
551.500	614.091	79.997	19.996	100.085	20.008	4.240	1.039
552.000	614.561	79.997	19.996	100.088	20.011	4.040	1.022
552.500	615.089	79.997	19.996	100.087	20.012	4.016	0.993
553.000	615.562	79.996	19.997	100.090	20.014	3.884	0.999
553.500	616.068	79.996	19.996	100.095	20.011	4.094	0.990
554.000	616.592	79.997	19.996	100.102	20.008	4.245	1.004
554.500	617.118	79.997	19.996	100.104	20.012	4.028	1.040
555.000	617.615	79.997	19.996	100.109	20.009	4.164	1.037
555.500	618.117	79.997	19.996	100.113	20.013	3.946	1.011
556.000	618.589	79.997	19.995	100.114	20.014	3.879	0.986
556.500	619.087	79.996	19.995	100.113	20.014	3.906	0.972
557.000	619.592	79.997	19.996	100.114	20.016	3.733	0.987
557.500	620.099	79.997	19.996	100.115	20.015	3.791	1.008
558.000	620.611	79.998	19.995	100.114	20.014	3.888	1.015
558.500	621.114	79.998	19.996	100.111	20.014	3.887	1.017
559.000	621.594	79.997	19.996	100.110	20.015	3.836	0.999
559.500	622.114	79.997	19.995	100.107	20.014	3.891	0.991
560.000	622.616	79.997	19.995	100.107	20.014	3.879	1.011
560.500	623.132	79.997	19.996	100.107	20.013	3.951	1.021
561.000	623.626	79.998	19.995	100.108	20.016	3.774	1.014
561.500	624.090	79.996	19.995	100.106	20.020	3.492	0.984
562.000	624.666	79.998	19.995	100.105	20.013	3.914	0.999
562.500	625.147	79.996	19.996	100.103	20.012	3.983	1.049
563.000	625.569	79.997	19.995	100.099	20.013	3.933	0.980
563.500	626.307	79.996	19.995	100.098	20.013	3.926	1.031
564.000	626.795	79.997	19.995	100.099	20.010	4.103	1.192
564.500	627.144	79.997	19.995	100.102	20.011	4.048	1.032
565.000	627.647	79.997	19.995	100.101	20.012	4.034	0.845
565.500	628.174	79.997	19.995	100.101	20.013	3.970	0.941
566.000	628.640	79.997	19.996	100.099	20.015	3.833	1.012
566.500	629.214	79.997	19.995	100.093	20.012	4.020	1.017
567.000	629.670	79.997	19.995	100.091	20.009	4.169	1.035
567.500	630.089	79.996	19.996	100.091	20.009	4.191	0.952
568.000	630.674	79.996	19.996	100.093	20.011	4.044	0.939
568.500	631.157	79.997	19.996	100.096	20.010	4.128	1.036
569.000	631.676	79.998	19.996	100.101	20.011	4.054	1.035
569.500	632.200	79.995	19.996	100.099	20.012	4.034	1.023
570.000	632.686	79.996	19.996	100.099	20.010	4.147	1.027
570.500	633.187	79.999	19.996	100.096	20.013	3.925	0.998
571.000	633.693	79.997	19.996	100.094	20.012	3.991	0.996
571.500	634.212	79.996	19.996	100.094	20.011	4.068	1.016
572.000	634.742	79.997	19.996	100.096	20.007	4.343	1.037
572.500	635.256	79.997	19.996	100.103	20.013	3.974	1.047
573.000	635.761	79.996	19.995	100.110	20.011	4.078	1.032
573.500	636.216	79.996	19.997	100.114	20.011	4.059	0.989
574.000	636.696	79.997	19.996	100.115	20.016	3.728	0.947
574.500	637.281	79.997	19.995	100.119	20.011	4.071	1.000
575.000	637.820	79.999	19.996	100.119	20.012	3.985	1.095
575.500	638.300	79.996	19.997	100.118	20.013	3.930	1.071
576.000	638.772	79.997	19.996	100.119	20.018	3.629	0.985
576.500	639.301	79.997	19.996	100.114	20.015	3.808	0.977
577.000	639.797	79.997	19.996	100.107	20.013	3.916	1.013
577.500	640.308	79.997	19.996	100.100	20.016	3.738	1.016
578.000	640.799	79.997	19.995	100.095	20.016	3.746	1.004
578.500	641.303	79.998	19.995	100.090	20.012	3.980	0.999
579.000	641.787	79.997	19.997	100.095	20.017	3.669	0.991
579.500	642.324	79.998	19.997	100.101	20.012	4.032	1.005
580.000	642.849	79.998	19.997	100.107	20.018	3.643	1.042
580.500	643.342	79.998	19.995	100.108	20.015	3.813	1.040
581.000	643.851	79.997	19.995	100.107	20.014	3.891	1.010
581.500	644.335	79.998	19.996	100.101	20.015	3.786	0.997
582.000	644.818	79.997	19.997	100.100	20.017	3.678	0.980
582.500	645.333	79.996	19.996	100.100	20.016	3.736	0.982
583.000	645.845	79.998	19.996	100.102	20.015	3.844	1.013
583.500	646.357	79.996	19.996	100.104	20.014	3.861	1.026
584.000	646.881	79.996	19.996	100.106	20.014	3.890	1.030
584.500	647.350	79.997	19.997	100.103	20.018	3.609	1.015
585.000	647.856	79.998	19.996	100.098	20.013	3.930	0.984
585.500	648.379	79.997	19.996	100.092	20.016	3.772	1.002
586.000	648.893	79.997	19.996	100.089	20.012	4.021	1.033
586.500	649.432	79.996	19.996	100.086	20.018	3.630	1.045
587.000	649.922	79.998	19.997	100.084	20.010	4.103	1.041
587.500	650.428	79.997	19.997	100.088	20.015	3.846	1.012
588.000	650.939	79.998	19.996	100.090	20.016	3.772	1.007
588.500	651.439	79.997	19.996	100.095	20.013	3.945	1.014
589.000	651.953	79.995	19.997	100.096	20.012	4.021	1.012
589.500	652.433	79.996	19.996	100.099	20.013	3.919	1.003
590.000	652.973	79.996	19.996	100.097	20.015	3.810	1.007
590.500	653.508	79.996	19.996	100.096	20.015	3.842	1.048
591.000	654.032	79.996	19.996	100.093	20.010	4.141	1.067
591.500	654.557	79.996	19.996	100.095	20.014	3.861	1.054
592.000	655.039	79.998	19.997	100.093	20.017	3.719	1.028
592.500	655.540	79.995	19.996	100.090	20.015	3.813	0.994
593.000	656.070	79.997	19.996	100.090	20.012	4.033	1.007
593.500	656.576	79.996	19.995	100.087	20.013	3.936	1.034
594.000	657.034	79.997	19.995	100.085	20.013	3.961	1.000
594.500	657.580	79.996	19.996	100.084	20.013	3.961	0.984
595.000	658.103	79.996	19.996	100.085	20.011	4.044	1.036
595.500	658.614	79.997	19.995	100.089	20.010	4.128	1.051
596.000	659.129	79.997	19.995	100.092	20.012	3.980	1.030
596.500	659.610	79.995	19.996	100.094	20.015	3.808	1.011
597.000	660.145	79.997	19.995	100.095	20.011	4.070	1.006
597.500	660.663	79.996	19.995	100.093	20.014	3.848	1.035
598.000	661.191	79.994	19.995	100.089	20.018	3.633	1.049
598.500	661.678	79.996	19.996	100.086	20.008	4.227	1.030
599.000	662.151	79.996	19.996	100.084	20.012	3.995	0.987
599.500	662.688	79.997	19.996	100.082	20.011	4.061	0.985
600.000	663.191	79.996	19.994	100.083	20.013	3.939	1.025
600.500	663.734	79.995	19.995	100.083	20.017	3.695	1.043
601.000	664.222	79.997	19.995	100.083	20.012	3.996	1.039
601.500	664.714	79.997	19.996	100.083	20.011	4.045	1.005
602.000	665.208	79.995	19.996	100.084	20.014	3.881	0.982
602.500	665.755	79.996	19.995	100.083	20.018	3.637	1.014
603.000	666.247	79.995	19.995	100.086	20.014	3.873	1.040
603.500	666.763	79.996	19.995	100.091	20.014	3.878	1.023
604.000	667.289	79.996	19.995	100.094	20.011	4.062	1.025
604.500	667.759	79.995	19.996	100.098	20.011	4.045	1.019
605.000	668.264	79.995	19.995	100.101	20.016	3.781	0.985
605.500	668.782	79.996	19.995	100.098	20.018	3.650	0.999
606.000	669.241	79.996	19.996	100.094	20.017	3.693	1.000
606.500	669.778	79.994	19.995	100.093	20.016	3.757	0.987
607.000	670.326	79.997	19.996	100.094	20.016	3.743	1.041
607.500	670.815	79.996	19.996	100.097	20.014	3.858	1.061
608.000	671.303	79.995	19.995	100.099	20.016	3.724	1.007
608.500	671.831	79.996	19.995	100.100	20.012	3.999	0.996
609.000	672.290	79.997	19.996	100.100	20.016	3.741	1.002
609.500	672.819	79.997	19.995	100.096	20.017	3.676	0.988
610.000	673.293	79.997	19.996	100.091	20.017	3.701	0.996
610.500	673.827	79.998	19.996	100.088	20.014	3.899	1.006
611.000	674.353	79.996	19.994	100.088	20.015	3.794	1.034
611.500	674.825	79.998	19.996	100.093	20.014	3.858	1.029
612.000	675.367	79.997	19.996	100.096	20.014	3.866	1.006
612.500	675.912	79.997	19.996	100.097	20.014	3.858	1.050
613.000	676.405	79.997	19.996	100.098	20.012	3.985	1.062
613.500	676.907	79.997	19.996	100.097	20.014	3.884	1.017
614.000	677.391	79.998	19.996	100.090	20.014	3.890	0.991
614.500	677.910	79.997	19.997	100.087	20.016	3.734	0.994
615.000	678.414	79.995	19.995	100.086	20.009	4.171	1.013
615.500	678.902	79.996	19.996	100.087	20.013	3.932	1.008
616.000	679.466	79.996	19.996	100.087	20.017	3.692	1.022
616.500	679.910	79.996	19.996	100.089	20.013	3.970	1.030
617.000	680.450	79.996	19.995	100.093	20.013	3.960	0.996
617.500	680.980	79.997	19.996	100.094	20.011	4.071	1.027
618.000	681.432	79.995	19.996	100.094	20.013	3.961	1.026
618.500	681.949	79.995	19.995	100.094	20.013	3.913	0.976
619.000	682.486	79.996	19.995	100.092	20.014	3.894	1.011
619.500	682.963	79.996	19.997	100.087	20.015	3.825	1.034
620.000	683.506	79.995	19.995	100.085	20.016	3.760	1.018
620.500	683.991	79.995	19.996	100.086	20.012	4.036	1.024
621.000	684.465	79.996	19.995	100.087	20.014	3.906	0.993
621.500	685.025	79.995	19.994	100.088	20.014	3.901	0.996
622.000	685.537	79.995	19.994	100.089	20.017	3.681	1.053
622.500	686.051	79.996	19.996	100.088	20.015	3.844	1.049
623.000	686.564	79.996	19.995	100.085	20.012	3.981	1.026
623.500	687.027	79.995	19.996	100.086	20.014	3.884	1.001
624.000	687.570	79.994	19.996	100.086	20.015	3.839	0.991
624.500	688.076	79.996	19.995	100.086	20.015	3.808	1.028
625.000	688.548	79.995	19.995	100.088	20.019	3.557	1.014
625.500	689.062	79.995	19.996	100.093	20.016	3.779	0.982
626.000	689.592	79.996	19.995	100.097	20.020	3.484	1.015
626.500	690.048	79.997	19.996	100.104	20.018	3.607	1.015
627.000	690.588	79.997	19.995	100.107	20.018	3.619	0.990
627.500	691.076	79.997	19.995	100.107	20.019	3.588	1.012
628.000	691.587	79.997	19.996	100.102	20.019	3.581	1.013
628.500	692.124	79.996	19.996	100.097	20.019	3.586	1.023
629.000	692.622	79.996	19.995	100.090	20.020	3.495	1.042
629.500	693.087	79.997	19.996	100.087	20.013	3.958	0.999
630.000	693.612	79.998	19.995	100.086	20.014	3.889	0.977
630.500	694.131	79.998	19.994	100.087	20.013	3.936	1.017
631.000	694.661	79.997	19.995	100.087	20.017	3.660	1.047
631.500	695.142	79.996	19.995	100.087	20.013	3.941	1.030
632.000	695.686	79.996	19.996	100.087	20.012	3.980	1.018
632.500	696.218	79.996	19.995	100.087	20.012	4.038	1.051
633.000	696.688	79.996	19.995	100.088	20.016	3.771	1.039
633.500	697.213	79.997	19.995	100.087	20.014	3.871	0.999
634.000	697.703	79.998	19.995	100.087	20.016	3.764	1.005
634.500	698.201	79.998	19.996	100.087	20.016	3.745	1.001
635.000	698.696	79.998	19.995	100.091	20.017	3.675	0.991
635.500	699.213	79.997	19.994	100.091	20.013	3.944	1.003
636.000	699.711	79.997	19.996	100.091	20.014	3.884	1.013
636.500	700.238	79.998	19.995	100.093	20.015	3.812	1.020
637.000	700.742	79.995	19.994	100.093	20.011	4.073	1.028
637.500	701.253	79.996	19.996	100.092	20.012	3.992	1.023
638.000	701.728	79.997	19.995	100.089	20.011	4.047	1.000
638.500	702.242	79.996	19.996	100.089	20.008	4.236	0.987
639.000	702.743	79.998	19.997	100.088	20.006	4.411	1.002
639.500	703.254	79.998	19.995	100.071	20.009	4.212	1.014
640.000	703.785	79.997	19.995	100.040	20.008	4.269	1.027
640.500	704.307	79.996	19.995	100.024	20.010	4.100	1.048
641.000	704.795	79.996	19.996	100.016	20.008	4.289	1.032
641.500	705.311	79.996	19.995	100.011	20.011	4.040	1.007
642.000	705.808	79.996	19.996	100.028	20.012	4.010	1.009
642.500	706.330	79.997	19.996	100.058	20.015	3.840	1.016
643.000	706.804	79.997	19.997	100.082	20.015	3.791	1.007
643.500	707.312	79.996	19.995	100.129	20.017	3.703	0.989
644.000	707.812	79.998	19.996	100.159	20.014	3.852	0.995
644.500	708.325	79.995	19.996	100.162	20.016	3.772	1.010
645.000	708.813	79.996	19.998	100.164	20.018	3.653	1.007
645.500	709.341	79.995	19.996	100.157	20.015	3.820	1.009
646.000	709.853	79.997	19.996	100.119	20.016	3.739	1.028
646.500	710.330	79.998	19.995	100.101	20.019	3.557	1.015
647.000	710.808	79.997	19.996	100.099	20.018	3.638	0.972
647.500	711.332	79.997	19.996	100.098	20.020	3.505	0.978
648.000	711.845	79.998	19.996	100.098	20.017	3.703	1.019
648.500	712.351	79.996	19.996	100.097	20.017	3.713	1.029
649.000	712.831	79.996	19.997	100.094	20.016	3.760	1.003
649.500	713.325	79.997	19.996	100.094	20.014	3.902	0.980
650.000	713.840	79.997	19.995	100.094	20.012	4.009	0.991
650.500	714.364	79.998	19.997	100.094	20.014	3.854	1.024
651.000	714.860	79.998	19.996	100.093	20.011	4.038	1.029
651.500	715.346	79.998	19.995	100.089	20.018	3.622	1.001
652.000	715.890	79.997	19.996	100.087	20.015	3.797	1.006
652.500	716.357	79.997	19.996	100.083	20.019	3.565	1.020
653.000	716.914	79.997	19.996	100.082	20.016	3.761	1.018
653.500	717.383	79.996	19.996	100.082	20.016	3.782	1.025
654.000	717.908	79.999	19.995	100.083	20.020	3.512	1.010
654.500	718.418	79.998	19.996	100.083	20.018	3.639	1.014
655.000	718.907	79.997	19.994	100.083	20.017	3.717	1.017
655.500	719.396	79.997	19.996	100.083	20.015	3.825	0.989
656.000	719.948	79.998	19.995	100.082	20.017	3.708	1.010
656.500	720.435	79.998	19.996	100.081	20.016	3.775	1.040
657.000	720.944	79.999	19.996	100.081	20.016	3.766	1.017
657.500	721.468	79.998	19.996	100.082	20.016	3.725	1.014
658.000	721.956	80.000	19.996	100.081	20.017	3.662	1.023
658.500	722.464	79.999	19.996	100.080	20.015	3.845	1.004
659.000	722.939	79.998	19.997	100.079	20.014	3.859	0.989
659.500	723.486	79.998	19.994	100.079	20.018	3.598	1.003
660.000	723.961	79.998	19.995	100.079	20.017	3.675	1.022
660.500	724.470	79.998	19.996	100.079	20.016	3.739	1.003
661.000	725.008	79.998	19.995	100.079	20.018	3.629	1.015
661.500	725.520	79.997	19.996	100.080	20.021	3.468	1.049
662.000	725.989	79.998	19.996	100.080	20.015	3.825	1.015
662.500	726.478	79.999	19.996	100.078	20.017	3.700	0.969
663.000	726.977	79.997	19.996	100.078	20.018	3.654	0.973
663.500	727.494	79.997	19.995	100.076	20.019	3.582	1.002
664.000	727.962	79.997	19.995	100.075	20.020	3.510	1.000
664.500	728.463	79.996	19.996	100.075	20.017	3.670	0.977
665.000	729.006	79.997	19.995	100.076	20.015	3.825	1.007
665.500	729.473	79.997	19.996	100.075	20.018	3.627	1.027
666.000	729.991	79.996	19.995	100.077	20.014	3.861	0.998
666.500	730.502	79.997	19.996	100.079	20.015	3.797	1.007
667.000	731.014	79.995	19.996	100.077	20.017	3.687	1.026
667.500	731.542	79.994	19.996	100.077	20.012	4.000	1.031
668.000	732.016	79.995	19.997	100.077	20.017	3.682	1.021
668.500	732.500	79.994	19.996	100.076	20.012	3.985	0.980
669.000	733.016	79.995	19.997	100.076	20.014	3.873	0.979
669.500	733.523	79.995	19.997	100.079	20.011	4.076	1.011
670.000	734.023	79.996	19.996	100.079	20.014	3.894	1.015
670.500	734.512	79.995	19.996	100.077	20.012	4.027	0.998
671.000	735.034	79.997	19.996	100.078	20.015	3.817	1.000
671.500	735.537	79.996	19.998	100.078	20.014	3.862	1.018
672.000	735.997	79.996	19.997	100.078	20.009	4.175	0.994
672.500	736.483	79.995	19.996	100.078	20.010	4.101	0.955
673.000	736.966	79.997	19.996	100.072	20.011	4.050	0.958
673.500	737.490	79.996	19.996	100.038	20.015	3.842	0.988
