Sample ID:	C:\MCC\MCC Cal\Test\Nylon_Carpet_HighPile_MCC_30K_min_211027_R2.txt
Sample Weight (mg):	4.14
Heating Rate (C/s):	1
Combustor Temp (C):	900
N2 Flow Rate (cc/min):	80
O2 Flow Rate (cc/min):	20
Calibration File:	C:\MCC\MCC Cal\Coeff1 JN10440_30_210304.txt.txt
T Correction Coefficients:	0	1.024463	0
Time Shift (s):	14
*
Time (s)	Temperature (C)	N2 flow rate (cc/min)	O2 flow rate (cc/min)	Flow Rate (cc/min)	Oxygen (%)	HRR (W/g)	Heating rate (C/s)
0.000	108.464	80.001	19.995	103.045	20.031	0.333	-0.000
0.500	108.445	80.001	19.995	103.044	20.034	0.124	0.005
1.000	108.468	80.001	19.995	103.045	20.031	0.303	0.001
1.500	108.483	80.001	19.995	103.047	20.032	0.224	0.021
2.000	108.450	80.002	19.995	103.051	20.031	0.311	0.010
2.500	108.445	80.001	19.997	103.050	20.031	0.344	-0.028
3.000	108.434	80.001	19.996	103.050	20.032	0.241	-0.026
3.500	108.434	79.999	19.995	103.053	20.034	0.096	-0.013
4.000	108.438	80.001	19.994	103.053	20.032	0.260	-0.004
4.500	108.460	80.001	19.994	103.055	20.033	0.213	0.014
5.000	108.443	80.001	19.996	103.055	20.031	0.305	0.015
5.500	108.429	80.001	19.994	103.053	20.034	0.109	-0.013
6.000	108.420	80.000	19.996	103.047	20.032	0.286	-0.027
6.500	108.427	80.001	19.995	103.049	20.033	0.175	-0.012
7.000	108.450	80.001	19.996	103.052	20.031	0.320	0.014
7.500	108.423	80.001	19.995	103.060	20.032	0.267	0.013
8.000	108.392	80.000	19.994	103.070	20.027	0.634	-0.030
8.500	108.386	79.999	19.995	103.085	20.027	0.645	-0.047
9.000	108.419	80.001	19.995	103.094	20.024	0.846	-0.005
9.500	108.423	80.001	19.996	103.103	20.026	0.711	0.032
10.000	108.396	80.000	19.995	103.110	20.027	0.682	0.007
10.500	108.447	80.002	19.995	103.118	20.024	0.885	0.000
11.000	108.446	80.000	19.995	103.128	20.022	1.064	0.037
11.500	108.426	79.999	19.995	103.143	20.018	1.348	0.015
12.000	108.453	80.000	19.996	103.159	20.019	1.244	-0.007
12.500	108.467	80.001	19.994	103.175	20.020	1.201	0.024
13.000	108.480	80.000	19.995	103.188	20.015	1.571	0.034
13.500	108.488	80.000	19.995	103.202	20.015	1.609	0.024
14.000	108.502	80.001	19.997	103.214	20.013	1.766	0.021
14.500	108.498	80.000	19.995	103.224	20.012	1.804	0.016
15.000	108.506	80.000	19.995	103.237	20.009	2.050	0.007
15.500	108.556	80.001	19.996	103.249	20.008	2.121	0.031
16.000	108.591	80.001	19.995	103.257	20.006	2.283	0.071
16.500	108.622	80.001	19.994	103.260	20.006	2.311	0.075
17.000	108.616	80.002	19.995	103.265	20.000	2.740	0.045
17.500	108.679	80.000	19.995	103.267	19.997	2.965	0.042
18.000	108.743	80.002	19.995	103.269	19.998	2.901	0.092
18.500	108.731	80.000	19.995	103.276	19.995	3.106	0.089
19.000	108.815	80.001	19.995	103.287	19.994	3.196	0.061
19.500	108.842	80.001	19.995	103.301	19.996	3.089	0.091
20.000	108.892	80.000	19.996	103.316	19.993	3.295	0.094
20.500	108.954	80.001	19.995	103.330	19.989	3.633	0.095
21.000	109.045	80.001	19.995	103.344	19.983	4.060	0.132
21.500	109.081	80.002	19.995	103.353	19.985	3.934	0.140
22.000	109.139	80.003	19.996	103.361	19.990	3.545	0.110
22.500	109.201	80.000	19.994	103.369	19.983	4.041	0.107
23.000	109.300	80.002	19.995	103.377	19.983	4.105	0.141
23.500	109.370	80.002	19.995	103.380	19.984	3.998	0.165
24.000	109.452	80.001	19.994	103.384	19.979	4.417	0.161
24.500	109.527	80.002	19.995	103.388	19.976	4.615	0.155
25.000	109.609	80.002	19.995	103.393	19.975	4.686	0.157
25.500	109.725	80.002	19.996	103.400	19.971	5.010	0.177
26.000	109.876	80.001	19.996	103.402	19.978	4.474	0.232
26.500	109.989	80.003	19.995	103.401	19.976	4.596	0.265
27.000	110.011	80.004	19.995	103.399	19.973	4.863	0.200
27.500	110.135	80.002	19.995	103.392	19.971	5.044	0.141
28.000	110.239	80.002	19.996	103.387	19.968	5.220	0.187
28.500	110.349	80.002	19.997	103.386	19.973	4.865	0.221
29.000	110.474	80.002	19.996	103.390	19.969	5.143	0.224
29.500	110.577	80.002	19.995	103.396	19.970	5.050	0.232
30.000	110.705	80.001	19.995	103.404	19.967	5.311	0.229
30.500	110.878	80.001	19.995	103.410	19.972	4.924	0.266
31.000	111.025	80.001	19.997	103.416	19.968	5.212	0.311
31.500	111.105	80.002	19.995	103.419	19.966	5.436	0.274
32.001	111.290	80.001	19.997	103.419	19.968	5.259	0.246
32.500	111.359	80.001	19.996	103.419	19.968	5.205	0.259
33.000	111.559	80.000	19.996	103.419	19.963	5.626	0.261
33.500	111.639	80.000	19.996	103.419	19.965	5.446	0.275
34.000	111.818	80.001	19.996	103.417	19.967	5.303	0.270
34.501	111.932	79.999	19.995	103.412	19.962	5.703	0.276
35.001	112.106	80.001	19.996	103.405	19.972	4.899	0.290
35.501	112.303	79.999	19.996	103.400	19.966	5.436	0.329
36.001	112.509	79.999	19.996	103.395	19.962	5.701	0.387
36.500	112.587	80.000	19.996	103.392	19.962	5.706	0.344
37.000	112.760	80.000	19.995	103.392	19.962	5.704	0.267
37.500	112.955	80.001	19.995	103.392	19.966	5.416	0.309
38.000	113.048	79.999	19.995	103.391	19.967	5.317	0.328
38.501	113.255	80.000	19.996	103.389	19.965	5.506	0.294
39.001	113.409	80.000	19.995	103.390	19.967	5.309	0.331
39.501	113.620	80.001	19.995	103.395	19.967	5.315	0.363
40.001	113.800	80.000	19.995	103.402	19.963	5.619	0.378
40.501	113.982	80.000	19.995	103.409	19.963	5.596	0.377
41.000	114.159	79.999	19.995	103.415	19.966	5.405	0.361
41.500	114.388	80.000	19.996	103.416	19.963	5.625	0.383
42.000	114.559	80.000	19.995	103.411	19.966	5.403	0.403
42.501	114.681	80.001	19.994	103.405	19.967	5.285	0.346
43.001	114.910	80.001	19.995	103.399	19.965	5.462	0.322
43.500	115.183	80.000	19.995	103.393	19.965	5.462	0.427
44.000	115.377	80.001	19.995	103.391	19.967	5.358	0.484
44.500	115.509	80.002	19.996	103.392	19.966	5.371	0.396
45.000	115.695	79.999	19.996	103.395	19.964	5.535	0.321
45.500	115.862	80.002	19.995	103.395	19.963	5.636	0.336
46.001	116.079	80.000	19.995	103.398	19.964	5.536	0.369
46.501	116.310	80.000	19.995	103.399	19.964	5.534	0.416
47.000	116.546	80.001	19.995	103.403	19.965	5.489	0.458
47.500	116.673	80.000	19.995	103.408	19.964	5.564	0.415
48.000	116.974	80.000	19.995	103.410	19.964	5.547	0.395
48.500	117.111	79.999	19.995	103.415	19.963	5.637	0.433
49.000	117.439	80.001	19.995	103.419	19.963	5.656	0.452
49.500	117.594	80.000	19.996	103.421	19.963	5.626	0.474
50.000	117.777	80.001	19.995	103.421	19.961	5.765	0.411
50.500	118.049	80.000	19.996	103.423	19.959	5.926	0.397
51.000	118.271	80.001	19.995	103.423	19.963	5.605	0.475
51.500	118.483	80.000	19.995	103.423	19.961	5.768	0.464
52.000	118.719	80.000	19.996	103.420	19.962	5.689	0.440
52.500	118.956	80.000	19.994	103.416	19.961	5.777	0.460
53.001	119.193	80.000	19.996	103.414	19.962	5.739	0.474
53.501	119.439	80.000	19.994	103.412	19.959	5.927	0.479
54.001	119.662	79.999	19.995	103.409	19.960	5.897	0.476
54.500	119.888	80.000	19.995	103.411	19.962	5.709	0.458
55.000	120.153	80.000	19.995	103.412	19.960	5.866	0.470
55.500	120.386	79.999	19.995	103.415	19.959	5.941	0.494
56.001	120.616	80.000	19.995	103.417	19.962	5.725	0.480
56.501	120.881	80.001	19.995	103.421	19.962	5.691	0.479
57.000	121.118	80.000	19.995	103.423	19.962	5.711	0.499
57.501	121.355	80.001	19.994	103.426	19.961	5.824	0.488
58.001	121.630	80.000	19.995	103.426	19.958	6.011	0.493
58.500	121.876	80.001	19.995	103.426	19.958	6.047	0.516
59.000	122.138	80.001	19.997	103.427	19.960	5.878	0.515
59.500	122.371	80.000	19.995	103.429	19.956	6.175	0.501
60.000	122.603	79.999	19.995	103.430	19.955	6.272	0.479
60.500	122.892	80.000	19.995	103.430	19.955	6.291	0.493
61.000	123.166	80.000	19.995	103.433	19.959	5.940	0.542
61.500	123.426	79.999	19.995	103.437	19.956	6.177	0.549
62.000	123.674	80.002	19.995	103.443	19.954	6.346	0.521
62.500	123.961	80.000	19.994	103.449	19.953	6.404	0.521
63.001	124.247	80.001	19.994	103.456	19.954	6.305	0.554
63.501	124.489	80.000	19.995	103.461	19.954	6.331	0.550
64.000	124.776	80.000	19.996	103.465	19.952	6.517	0.529
64.500	125.021	79.999	19.995	103.465	19.954	6.372	0.530
65.000	125.300	79.999	19.994	103.468	19.955	6.286	0.528
65.500	125.597	80.001	19.995	103.472	19.954	6.344	0.550
66.000	125.902	79.999	19.995	103.478	19.951	6.593	0.589
66.501	126.229	80.000	19.995	103.485	19.950	6.676	0.617
67.001	126.506	80.000	19.994	103.490	19.947	6.865	0.618
67.501	126.763	80.000	19.995	103.493	19.950	6.616	0.569
68.001	127.053	80.001	19.994	103.498	19.951	6.606	0.541
68.500	127.372	80.000	19.995	103.500	19.951	6.595	0.578
69.000	127.654	79.999	19.995	103.500	19.948	6.806	0.605
69.500	127.980	79.999	19.994	103.501	19.951	6.534	0.604
70.001	128.242	80.000	19.995	103.501	19.949	6.722	0.597
70.501	128.558	79.999	19.995	103.500	19.949	6.727	0.583
71.000	128.867	79.999	19.994	103.500	19.949	6.707	0.602
71.500	129.179	79.999	19.996	103.499	19.949	6.723	0.623
72.000	129.500	79.998	19.995	103.499	19.946	6.965	0.627
72.500	129.762	79.999	19.995	103.498	19.949	6.717	0.608
73.000	130.098	80.000	19.996	103.498	19.949	6.736	0.591
73.500	130.450	79.999	19.994	103.496	19.948	6.817	0.643
74.000	130.725	79.998	19.994	103.491	19.948	6.789	0.657
74.500	131.055	80.000	19.996	103.490	19.948	6.791	0.616
75.000	131.378	79.999	19.995	103.490	19.946	6.958	0.629
75.500	131.724	80.001	19.995	103.490	19.947	6.890	0.660
76.001	132.079	80.000	19.995	103.492	19.947	6.855	0.685
76.501	132.407	80.001	19.995	103.499	19.944	7.101	0.692
77.001	132.709	80.001	19.994	103.502	19.952	6.532	0.656
77.500	133.091	80.001	19.994	103.504	19.949	6.720	0.656
78.000	133.395	80.001	19.994	103.503	19.947	6.902	0.685
78.500	133.736	80.002	19.995	103.505	19.948	6.806	0.666
79.000	134.094	80.001	19.995	103.505	19.944	7.102	0.672
79.500	134.418	80.003	19.995	103.502	19.948	6.819	0.691
80.000	134.763	80.003	19.994	103.500	19.943	7.232	0.675
80.500	135.109	80.002	19.995	103.494	19.944	7.153	0.680
81.000	135.453	80.002	19.994	103.491	19.944	7.123	0.691
81.500	135.792	80.002	19.995	103.490	19.946	6.976	0.687
82.000	136.166	80.002	19.995	103.490	19.945	7.078	0.698
82.500	136.514	80.002	19.994	103.491	19.945	7.021	0.718
83.000	136.867	80.003	19.994	103.498	19.943	7.160	0.712
83.500	137.230	80.003	19.995	103.498	19.945	7.076	0.709
84.000	137.594	80.003	19.993	103.494	19.943	7.190	0.721
84.500	137.947	80.002	19.995	103.494	19.947	6.879	0.722
85.000	138.311	80.002	19.995	103.494	19.943	7.173	0.717
85.500	138.630	80.002	19.995	103.493	19.946	6.961	0.700
86.000	139.008	80.002	19.996	103.494	19.945	7.044	0.690
86.501	139.415	80.003	19.995	103.496	19.945	7.012	0.741
87.001	139.799	80.002	19.995	103.491	19.945	7.006	0.788
87.500	140.122	80.002	19.996	103.488	19.946	6.993	0.750
88.000	140.541	80.002	19.996	103.489	19.945	7.036	0.725
88.500	140.887	80.003	19.996	103.489	19.945	7.018	0.754
89.000	141.265	80.001	19.996	103.492	19.946	6.959	0.745
89.500	141.639	80.002	19.996	103.498	19.943	7.215	0.738
90.000	142.035	80.001	19.997	103.502	19.944	7.138	0.761
90.500	142.409	80.001	19.997	103.502	19.948	6.811	0.770
91.000	142.834	80.001	19.996	103.502	19.948	6.841	0.784
91.500	143.207	80.001	19.996	103.501	19.944	7.102	0.799
92.000	143.525	80.002	19.996	103.501	19.944	7.119	0.745
92.500	143.944	80.002	19.995	103.502	19.946	6.935	0.714
93.000	144.381	80.002	19.997	103.502	19.948	6.826	0.797
93.500	144.761	80.001	19.996	103.502	19.949	6.723	0.836
94.000	145.136	80.001	19.996	103.503	19.946	6.969	0.786
94.500	145.514	80.001	19.996	103.503	19.945	7.068	0.754
95.001	145.895	80.001	19.996	103.502	19.947	6.913	0.756
95.501	146.308	80.000	19.996	103.502	19.945	7.010	0.776
96.001	146.706	80.001	19.995	103.501	19.945	7.044	0.803
96.500	147.154	80.001	19.995	103.502	19.945	7.041	0.829
97.000	147.535	80.002	19.997	103.501	19.943	7.166	0.837
97.500	147.926	80.002	19.996	103.501	19.947	6.877	0.800
98.000	148.362	80.002	19.996	103.501	19.943	7.215	0.800
98.501	148.777	80.004	19.996	103.501	19.944	7.106	0.839
99.001	149.134	80.001	19.996	103.501	19.948	6.827	0.811
99.500	149.616	80.002	19.996	103.501	19.945	7.026	0.806
100.000	149.986	80.003	19.995	103.501	19.945	7.024	0.846
100.501	150.417	80.001	19.995	103.501	19.946	6.981	0.826
101.001	150.823	80.002	19.996	103.501	19.945	7.048	0.819
101.500	151.238	80.002	19.995	103.500	19.944	7.123	0.829
102.000	151.650	80.001	19.996	103.499	19.946	6.981	0.824
102.500	152.105	80.003	19.995	103.498	19.945	7.054	0.847
103.000	152.462	80.002	19.995	103.499	19.943	7.186	0.840
103.500	152.951	80.002	19.996	103.500	19.946	6.998	0.829
104.000	153.372	80.003	19.995	103.500	19.945	7.033	0.878
104.500	153.764	80.002	19.995	103.502	19.946	6.973	0.862
105.000	154.185	80.003	19.996	103.502	19.946	6.956	0.813
105.500	154.615	80.005	19.996	103.502	19.947	6.917	0.833
106.000	155.018	80.003	19.995	103.498	19.948	6.797	0.842
106.500	155.473	80.005	19.995	103.497	19.946	6.977	0.845
107.000	155.885	80.004	19.994	103.496	19.947	6.853	0.862
107.501	156.303	80.002	19.997	103.494	19.948	6.809	0.848
108.001	156.741	80.004	19.995	103.494	19.947	6.849	0.843
108.500	157.163	80.001	19.996	103.497	19.946	6.956	0.858
109.000	157.589	80.002	19.995	103.496	19.945	7.072	0.854
109.501	158.010	80.003	19.994	103.492	19.947	6.847	0.847
110.001	158.441	80.003	19.994	103.489	19.946	6.969	0.849
110.500	158.915	80.003	19.994	103.488	19.946	6.932	0.879
111.000	159.327	80.003	19.996	103.488	19.948	6.774	0.895
111.500	159.792	80.002	19.995	103.488	19.947	6.919	0.881
112.000	160.217	80.003	19.995	103.492	19.943	7.180	0.884
112.500	160.667	80.002	19.996	103.491	19.948	6.845	0.883
113.000	161.075	80.002	19.996	103.487	19.946	6.956	0.867
113.500	161.546	80.000	19.996	103.485	19.947	6.864	0.869
114.000	162.014	80.001	19.996	103.486	19.950	6.656	0.909
114.500	162.434	80.001	19.995	103.486	19.947	6.878	0.913
115.000	162.843	79.999	19.994	103.492	19.947	6.910	0.858
115.500	163.307	79.999	19.996	103.496	19.946	6.965	0.851
116.000	163.785	80.000	19.997	103.493	19.946	6.961	0.907
116.500	164.216	79.999	19.996	103.491	19.948	6.828	0.926
117.001	164.650	80.000	19.997	103.492	19.946	6.983	0.887
117.501	165.160	79.999	19.996	103.491	19.946	6.944	0.904
118.000	165.616	80.000	19.996	103.494	19.950	6.685	0.955
118.500	166.103	79.998	19.996	103.499	19.946	6.970	0.954
119.000	166.536	79.999	19.996	103.500	19.945	7.025	0.932
119.500	167.009	79.999	19.997	103.500	19.946	6.993	0.913
120.000	167.439	80.000	19.998	103.500	19.946	6.948	0.904
120.501	167.905	79.998	19.996	103.498	19.947	6.845	0.900
121.001	168.390	79.999	19.996	103.492	19.945	7.033	0.923
121.500	168.872	79.999	19.997	103.489	19.949	6.753	0.958
122.000	169.325	79.999	19.996	103.488	19.948	6.841	0.951
122.500	169.792	80.000	19.996	103.483	19.949	6.736	0.928
123.001	170.231	79.999	19.997	103.485	19.947	6.849	0.913
123.501	170.710	80.000	19.996	103.493	19.945	7.063	0.912
124.000	171.196	80.000	19.996	103.494	19.946	6.980	0.941
124.500	171.631	80.000	19.996	103.491	19.948	6.768	0.943
125.000	172.142	79.999	19.997	103.489	19.945	7.036	0.934
125.500	172.580	80.000	19.996	103.483	19.947	6.850	0.948
126.000	173.057	79.999	19.996	103.476	19.948	6.792	0.932
126.501	173.562	80.000	19.997	103.470	19.947	6.845	0.948
127.001	174.020	79.999	19.997	103.470	19.947	6.854	0.972
127.500	174.464	80.000	19.996	103.474	19.948	6.783	0.932
128.000	174.971	80.000	19.995	103.479	19.947	6.860	0.927
128.500	175.415	79.998	19.996	103.480	19.946	6.928	0.951
129.000	175.895	80.000	19.996	103.481	19.946	6.990	0.938
129.500	176.394	80.000	19.996	103.480	19.945	7.016	0.952
130.000	176.826	80.000	19.996	103.476	19.949	6.725	0.956
130.500	177.315	80.000	19.996	103.470	19.945	7.052	0.926
131.000	177.812	80.001	19.996	103.471	19.948	6.843	0.953
131.500	178.306	80.000	19.997	103.471	19.948	6.819	0.988
132.000	178.800	79.999	19.997	103.471	19.949	6.712	0.990
132.500	179.283	80.001	19.996	103.470	19.950	6.642	0.983
133.000	179.762	79.999	19.995	103.470	19.949	6.708	0.970
133.501	180.215	80.000	19.997	103.468	19.951	6.588	0.947
134.000	180.739	80.000	19.995	103.467	19.950	6.644	0.954
134.500	181.227	80.001	19.994	103.466	19.951	6.558	0.995
135.000	181.723	80.000	19.995	103.466	19.949	6.723	0.998
135.500	182.220	80.000	19.994	103.467	19.953	6.428	0.988
136.000	182.698	80.001	19.995	103.471	19.949	6.693	0.984
136.500	183.193	80.000	19.996	103.471	19.949	6.761	0.974
137.000	183.654	80.000	19.995	103.472	19.948	6.780	0.964
137.500	184.143	79.999	19.995	103.472	19.951	6.575	0.953
138.000	184.635	79.999	19.994	103.470	19.952	6.517	0.966
138.500	185.153	79.999	19.995	103.467	19.948	6.784	0.995
139.000	185.657	80.002	19.995	103.466	19.950	6.616	1.016
139.500	186.142	80.000	19.995	103.466	19.952	6.468	1.006
140.000	186.703	80.000	19.995	103.466	19.950	6.669	1.017
140.500	187.154	79.999	19.995	103.466	19.949	6.748	1.029
141.000	187.663	79.999	19.995	103.466	19.953	6.395	0.986
141.500	188.169	80.000	19.994	103.466	19.946	6.936	0.988
142.000	188.656	79.999	19.994	103.466	19.951	6.562	1.004
142.500	189.170	80.000	19.995	103.466	19.947	6.871	0.997
143.000	189.665	79.999	19.995	103.466	19.949	6.750	1.005
143.500	190.150	80.000	19.995	103.466	19.949	6.696	0.995
144.000	190.673	80.000	19.996	103.466	19.950	6.647	0.994
144.500	191.136	79.999	19.994	103.466	19.948	6.780	0.997
145.000	191.645	80.000	19.995	103.466	19.948	6.825	0.979
145.500	192.164	80.000	19.995	103.466	19.951	6.551	0.999
146.000	192.634	80.000	19.996	103.466	19.950	6.630	1.009
146.500	193.179	80.001	19.996	103.465	19.951	6.548	1.002
147.000	193.692	80.001	19.995	103.464	19.952	6.454	1.036
147.500	194.174	79.999	19.995	103.461	19.949	6.723	1.027
148.001	194.696	80.000	19.996	103.459	19.953	6.452	1.000
148.500	195.219	80.000	19.996	103.458	19.951	6.548	1.024
149.000	195.694	79.999	19.995	103.458	19.949	6.691	1.021
149.500	196.190	80.000	19.996	103.458	19.951	6.574	0.985
150.000	196.708	80.000	19.996	103.460	19.950	6.627	0.992
150.500	197.216	80.000	19.995	103.461	19.951	6.539	1.020
151.001	197.702	80.000	19.995	103.461	19.954	6.306	1.010
151.501	198.211	79.999	19.995	103.457	19.956	6.208	0.995
152.000	198.715	80.002	19.994	103.456	19.953	6.413	1.004
152.500	199.256	80.001	19.996	103.456	19.953	6.396	1.029
153.000	199.752	80.001	19.995	103.453	19.954	6.363	1.041
153.500	200.243	80.001	19.995	103.446	19.953	6.379	1.012
154.000	200.799	80.000	19.996	103.446	19.957	6.065	1.017
154.500	201.274	80.002	19.995	103.446	19.955	6.251	1.038
155.000	201.814	80.001	19.995	103.447	19.953	6.379	1.023
155.500	202.267	80.000	19.995	103.448	19.956	6.206	1.004
156.000	202.815	80.002	19.995	103.451	19.957	6.130	0.997
156.500	203.288	80.001	19.995	103.448	19.956	6.175	1.011
157.000	203.799	80.001	19.995	103.445	19.954	6.308	1.002
157.500	204.324	80.001	19.995	103.442	19.956	6.196	1.010
158.001	204.870	80.001	19.995	103.438	19.957	6.122	1.054
158.501	205.340	80.002	19.995	103.438	19.955	6.226	1.044
159.000	205.844	80.002	19.995	103.444	19.955	6.233	0.995
159.500	206.396	80.001	19.995	103.443	19.956	6.177	1.015
160.000	206.945	80.001	19.996	103.442	19.958	6.034	1.079
160.500	207.445	80.001	19.995	103.445	19.953	6.397	1.075
161.000	207.986	80.001	19.995	103.441	19.954	6.363	1.045
161.501	208.480	80.002	19.994	103.438	19.956	6.143	1.038
162.001	209.017	80.002	19.995	103.438	19.956	6.213	1.033
162.501	209.508	80.002	19.994	103.434	19.955	6.232	1.029
163.000	210.013	80.004	19.996	103.430	19.955	6.294	1.012
163.500	210.598	80.003	19.995	103.429	19.955	6.292	1.043
164.000	211.069	80.003	19.995	103.427	19.954	6.339	1.073
164.500	211.597	80.003	19.994	103.432	19.957	6.133	1.028
165.000	212.132	80.001	19.995	103.438	19.955	6.221	1.031
165.500	212.643	80.001	19.996	103.438	19.955	6.251	1.054
166.000	213.173	80.002	19.994	103.438	19.954	6.341	1.044
166.500	213.695	80.003	19.995	103.436	19.955	6.241	1.047
167.000	214.213	80.002	19.994	103.430	19.957	6.134	1.046
167.501	214.758	80.002	19.994	103.425	19.959	5.969	1.051
168.000	215.264	80.001	19.994	103.424	19.957	6.108	1.056
168.500	215.775	80.002	19.995	103.424	19.956	6.179	1.034
169.001	216.284	80.002	19.995	103.423	19.958	5.990	1.019
169.500	216.826	80.003	19.995	103.423	19.956	6.142	1.036
170.000	217.347	80.002	19.996	103.423	19.954	6.343	1.057
170.500	217.853	80.001	19.995	103.422	19.957	6.076	1.045
171.000	218.410	80.001	19.994	103.423	19.957	6.127	1.045
171.500	218.914	80.002	19.994	103.423	19.954	6.351	1.062
172.000	219.421	80.002	19.995	103.423	19.956	6.184	1.036
172.500	219.935	80.002	19.996	103.422	19.955	6.270	1.016
173.000	220.464	80.002	19.995	103.421	19.958	5.994	1.032
173.500	220.969	80.000	19.995	103.416	19.958	5.983	1.038
174.000	221.498	80.001	19.996	103.414	19.958	6.060	1.034
174.500	222.001	80.002	19.995	103.411	19.957	6.113	1.033
175.000	222.549	80.002	19.994	103.406	19.959	5.928	1.042
175.500	223.046	80.001	19.995	103.409	19.959	5.938	1.048
176.000	223.582	80.002	19.995	103.412	19.958	6.030	1.039
176.500	224.121	80.001	19.996	103.410	19.961	5.820	1.054
177.000	224.604	80.002	19.995	103.412	19.961	5.777	1.048
177.500	225.164	80.001	19.995	103.415	19.958	6.051	1.032
178.000	225.654	80.000	19.997	103.410	19.960	5.880	1.047
178.500	226.192	80.002	19.996	103.408	19.959	5.950	1.039
179.000	226.708	80.002	19.995	103.413	19.959	5.925	1.041
179.500	227.228	80.001	19.995	103.411	19.960	5.895	1.045
180.000	227.748	80.001	19.995	103.409	19.961	5.825	1.038
180.500	228.276	80.001	19.997	103.411	19.962	5.679	1.044
181.000	228.813	80.000	19.995	103.412	19.960	5.867	1.056
181.500	229.347	80.002	19.996	103.409	19.958	6.042	1.068
182.001	229.901	80.001	19.994	103.410	19.960	5.899	1.079
182.500	230.429	80.002	19.996	103.407	19.958	5.991	1.085
183.000	230.929	80.002	19.995	103.403	19.961	5.762	1.055
183.500	231.466	80.002	19.996	103.397	19.961	5.820	1.032
184.001	231.953	80.003	19.996	103.394	19.960	5.873	1.030
184.501	232.467	80.001	19.995	103.394	19.962	5.732	1.013
185.000	233.005	80.002	19.996	103.394	19.960	5.895	1.027
185.500	233.538	80.003	19.996	103.395	19.960	5.837	1.061
186.000	234.021	80.002	19.995	103.395	19.962	5.726	1.044
186.500	234.547	80.003	19.995	103.395	19.961	5.766	1.013
187.000	235.093	80.002	19.995	103.389	19.962	5.683	1.040
187.500	235.603	80.002	19.996	103.388	19.963	5.630	1.064
188.000	236.093	80.003	19.996	103.387	19.960	5.882	1.028
188.500	236.595	80.001	19.995	103.386	19.961	5.769	0.996
189.000	237.124	80.003	19.995	103.385	19.961	5.765	1.012
189.500	237.643	80.002	19.995	103.386	19.963	5.600	1.040
190.000	238.179	80.001	19.993	103.388	19.963	5.600	1.051
190.500	238.694	80.003	19.995	103.389	19.964	5.550	1.053
191.000	239.179	80.002	19.996	103.389	19.959	5.944	1.026
191.500	239.706	80.002	19.995	103.389	19.962	5.747	1.006
192.000	240.203	80.003	19.995	103.388	19.966	5.407	1.018
192.500	240.656	80.001	19.994	103.387	19.962	5.702	0.987
193.000	241.232	80.002	19.998	103.386	19.963	5.668	0.989
193.500	241.728	80.002	19.994	103.386	19.962	5.738	1.051
194.000	242.302	80.000	19.996	103.386	19.961	5.758	1.071
194.501	242.757	80.001	19.995	103.383	19.962	5.704	1.050
195.000	243.290	79.999	19.997	103.383	19.960	5.839	1.009
195.500	243.805	80.000	19.994	103.383	19.960	5.843	1.018
196.000	244.303	80.000	19.994	103.383	19.963	5.614	1.030
196.500	244.772	80.000	19.996	103.383	19.964	5.575	0.990
197.000	245.297	80.001	19.996	103.385	19.963	5.639	0.980
197.500	245.806	79.999	19.995	103.383	19.961	5.806	1.014
198.000	246.329	79.999	19.995	103.383	19.961	5.763	1.034
198.500	246.858	80.000	19.995	103.384	19.961	5.759	1.043
199.000	247.358	79.999	19.995	103.384	19.963	5.663	1.040
199.500	247.875	80.000	19.995	103.384	19.962	5.684	1.023
200.000	248.359	80.001	19.996	103.387	19.962	5.669	1.009
200.500	248.923	79.999	19.996	103.386	19.964	5.564	1.024
201.000	249.451	80.000	19.995	103.380	19.961	5.763	1.070
201.500	249.944	80.000	19.995	103.380	19.963	5.660	1.057
202.000	250.458	79.999	19.995	103.381	19.963	5.660	1.014
202.500	250.989	80.000	19.995	103.381	19.964	5.555	1.026
203.000	251.510	79.999	19.995	103.378	19.962	5.722	1.048
203.500	251.984	79.999	19.995	103.382	19.963	5.596	1.023
204.000	252.554	80.000	19.995	103.382	19.963	5.613	1.020
204.500	253.005	80.000	19.995	103.379	19.962	5.726	1.033
205.000	253.534	79.999	19.995	103.378	19.960	5.893	1.000
205.500	254.040	80.001	19.995	103.382	19.960	5.825	1.007
206.000	254.470	79.999	19.996	103.379	19.961	5.816	0.985
206.500	255.019	80.000	19.996	103.373	19.960	5.861	0.957
207.000	255.511	80.000	19.995	103.369	19.957	6.081	1.010
207.500	256.018	80.001	19.995	103.365	19.958	6.015	1.020
208.000	256.544	80.000	19.996	103.363	19.962	5.726	1.016
208.500	257.021	80.000	19.996	103.362	19.959	5.957	1.018
209.000	257.524	79.999	19.995	103.364	19.959	5.944	0.991
209.500	258.011	80.000	19.995	103.367	19.961	5.790	0.985
210.000	258.512	80.000	19.996	103.368	19.961	5.818	0.990
210.500	259.036	80.001	19.996	103.364	19.962	5.743	1.007
211.000	259.573	80.001	19.996	103.360	19.960	5.835	1.043
211.500	260.035	80.001	19.995	103.357	19.959	5.972	1.029
212.000	260.504	80.001	19.996	103.355	19.958	6.036	0.965
212.501	261.043	79.999	19.996	103.351	19.960	5.841	0.970
213.000	261.555	80.000	19.996	103.351	19.961	5.790	1.030
213.500	262.045	79.999	19.996	103.351	19.958	6.008	1.026
214.000	262.519	80.000	19.997	103.350	19.958	6.034	0.983
214.500	263.009	79.999	19.995	103.348	19.959	5.910	0.964
215.000	263.535	80.000	19.997	103.350	19.958	6.046	0.990
215.500	264.027	80.000	19.998	103.350	19.961	5.775	1.017
216.001	264.512	80.001	19.997	103.353	19.960	5.886	0.997
216.500	265.022	80.002	19.998	103.358	19.958	6.029	0.986
217.000	265.516	80.002	19.997	103.358	19.957	6.070	0.999
217.500	265.996	80.001	19.996	103.358	19.959	5.910	0.989
218.000	266.477	80.001	19.996	103.355	19.959	5.914	0.968
218.500	266.945	80.002	19.996	103.352	19.960	5.824	0.956
219.000	267.500	80.001	19.996	103.348	19.960	5.875	0.986
219.500	267.970	80.001	19.997	103.348	19.956	6.147	1.024
220.000	268.459	80.001	19.995	103.349	19.958	6.029	0.992
220.500	268.936	80.002	19.996	103.349	19.958	6.040	0.962
221.000	269.439	80.002	19.996	103.349	19.958	5.999	0.973
221.500	269.912	80.000	19.996	103.349	19.956	6.140	0.978
222.001	270.450	80.001	19.995	103.348	19.957	6.098	0.994
222.501	270.967	80.001	19.994	103.345	19.956	6.143	1.033
223.000	271.485	80.000	19.996	103.345	19.956	6.207	1.045
223.500	271.975	80.000	19.996	103.345	19.956	6.185	1.022
224.000	272.453	80.002	19.995	103.344	19.956	6.145	0.988
224.500	272.951	80.002	19.994	103.345	19.955	6.224	0.972
225.000	273.404	80.001	19.994	103.345	19.955	6.249	0.964
225.500	273.964	80.001	19.994	103.345	19.956	6.187	0.982
226.000	274.434	80.000	19.995	103.345	19.955	6.290	1.021
226.500	274.885	80.001	19.995	103.347	19.954	6.318	0.975
227.000	275.369	79.999	19.994	103.347	19.957	6.083	0.928
227.500	275.859	80.001	19.995	103.347	19.955	6.290	0.955
228.000	276.341	80.001	19.995	103.344	19.951	6.553	0.973
228.500	276.831	80.000	19.995	103.343	19.955	6.264	0.972
229.001	277.356	80.001	19.994	103.343	19.956	6.199	0.994
229.500	277.821	80.000	19.995	103.344	19.952	6.498	1.003
230.000	278.290	80.002	19.995	103.344	19.955	6.252	0.962
230.500	278.784	80.000	19.995	103.346	19.955	6.214	0.948
231.000	279.305	80.001	19.995	103.347	19.954	6.344	0.989
231.500	279.810	80.000	19.995	103.346	19.956	6.184	1.021
232.000	280.296	80.001	19.995	103.346	19.953	6.424	1.009
232.500	280.731	80.001	19.994	103.346	19.952	6.495	0.956
233.000	281.231	80.001	19.995	103.346	19.954	6.305	0.928
233.500	281.713	80.000	19.995	103.346	19.953	6.427	0.958
234.000	282.236	80.002	19.996	103.347	19.953	6.384	0.993
234.500	282.718	80.001	19.995	103.347	19.951	6.574	1.005
235.000	283.189	80.000	19.995	103.346	19.952	6.457	0.979
235.500	283.674	80.000	19.995	103.345	19.951	6.566	0.954
236.000	284.217	80.001	19.995	103.344	19.952	6.516	0.992
236.500	284.662	80.001	19.995	103.344	19.950	6.668	1.008
237.000	285.130	80.000	19.995	103.344	19.948	6.809	0.951
237.500	285.625	80.002	19.996	103.345	19.949	6.702	0.938
238.000	286.119	80.001	19.995	103.344	19.948	6.807	0.976
238.500	286.629	80.001	19.995	103.343	19.946	6.924	0.996
239.000	287.088	80.001	19.995	103.343	19.947	6.894	0.986
239.500	287.631	80.001	19.995	103.336	19.948	6.779	0.985
240.000	288.076	80.002	19.994	103.329	19.944	7.083	0.995
240.500	288.539	80.002	19.995	103.324	19.943	7.211	0.948
241.000	289.062	80.002	19.995	103.321	19.945	6.995	0.947
241.500	289.528	80.002	19.996	103.320	19.945	7.010	0.988
242.000	290.001	80.003	19.994	103.322	19.945	7.012	0.964
242.500	290.510	80.002	19.994	103.329	19.947	6.867	0.961
243.000	290.981	80.001	19.994	103.334	19.948	6.779	0.981
243.500	291.468	80.000	19.993	103.338	19.945	7.024	0.969
244.000	291.995	80.002	19.997	103.340	19.943	7.158	0.986
244.500	292.467	80.002	19.997	103.345	19.944	7.122	1.007
245.000	292.978	80.003	19.996	103.344	19.945	7.036	0.991
245.500	293.414	80.001	19.996	103.346	19.942	7.259	0.964
246.000	293.922	80.001	19.996	103.346	19.942	7.282	0.945
246.500	294.427	80.001	19.995	103.346	19.943	7.159	0.979
247.000	294.904	80.002	19.994	103.344	19.942	7.270	0.997
247.500	295.389	80.002	19.995	103.345	19.944	7.097	0.972
248.000	295.876	80.002	19.995	103.344	19.938	7.565	0.967
248.501	296.370	80.001	19.995	103.343	19.940	7.456	0.977
249.000	296.819	80.000	19.995	103.342	19.941	7.352	0.962
249.500	297.319	80.002	19.995	103.343	19.936	7.741	0.946
250.000	297.794	80.001	19.995	103.343	19.939	7.529	0.962
250.500	298.271	80.001	19.995	103.346	19.939	7.488	0.963
251.000	298.758	80.003	19.996	103.345	19.939	7.494	0.958
251.500	299.267	80.001	19.995	103.346	19.935	7.795	0.980
252.000	299.731	80.000	19.995	103.345	19.937	7.629	0.984
252.500	300.219	80.000	19.996	103.345	19.937	7.684	0.962
253.000	300.675	80.002	19.994	103.343	19.936	7.714	0.948
253.500	301.149	80.002	19.996	103.340	19.936	7.759	0.938
254.000	301.607	80.001	19.995	103.338	19.930	8.221	0.931
254.500	302.107	80.001	19.996	103.335	19.930	8.187	0.945
255.000	302.617	80.000	19.995	103.328	19.929	8.311	0.984
255.500	303.111	80.000	19.995	103.327	19.929	8.252	1.007
256.000	303.599	80.001	19.996	103.326	19.924	8.629	0.992
256.500	304.119	80.001	19.994	103.328	19.925	8.556	0.995
257.000	304.591	80.002	19.995	103.331	19.924	8.693	1.001
257.500	305.065	80.003	19.994	103.335	19.920	8.996	0.969
258.000	305.538	80.000	19.994	103.336	19.917	9.208	0.946
258.500	306.037	80.000	19.995	103.339	19.914	9.420	0.959
259.000	306.514	80.002	19.995	103.339	19.918	9.170	0.974
259.500	306.994	80.001	19.995	103.341	19.913	9.537	0.966
260.000	307.470	80.001	19.993	103.344	19.913	9.547	0.957
260.500	307.992	80.001	19.994	103.346	19.910	9.789	0.977
261.000	308.455	80.002	19.995	103.344	19.909	9.806	0.992
261.500	308.964	80.002	19.994	103.338	19.909	9.870	0.979
262.000	309.427	80.001	19.995	103.335	19.904	10.214	0.972
262.500	309.905	80.002	19.995	103.335	19.901	10.429	0.956
263.000	310.446	80.002	19.993	103.331	19.901	10.463	0.980
263.500	310.945	80.002	19.994	103.330	19.901	10.433	1.030
264.000	311.410	80.002	19.995	103.337	19.903	10.317	1.002
264.500	311.917	80.004	19.995	103.339	19.895	10.959	0.968
265.001	312.427	80.002	19.995	103.340	19.896	10.882	0.994
265.500	312.913	80.003	19.994	103.345	19.898	10.710	1.006
266.000	313.389	80.003	19.994	103.349	19.888	11.458	0.979
266.500	313.899	80.003	19.995	103.348	19.888	11.454	0.974
267.000	314.422	80.003	19.995	103.342	19.889	11.404	1.010
267.500	314.900	80.002	19.995	103.339	19.882	11.923	1.017
268.000	315.371	80.004	19.995	103.336	19.884	11.771	0.975
268.500	315.863	80.003	19.994	103.336	19.880	12.119	0.956
269.000	316.330	80.003	19.995	103.336	19.879	12.177	0.961
269.500	316.831	80.003	19.994	103.342	19.876	12.421	0.963
270.000	317.290	80.003	19.994	103.344	19.873	12.671	0.964
270.500	317.794	80.002	19.995	103.341	19.869	12.975	0.961
271.000	318.331	80.002	19.994	103.337	19.867	13.081	1.002
271.500	318.770	80.002	19.994	103.336	19.864	13.376	1.009
272.000	319.292	80.002	19.994	103.335	19.863	13.448	0.969
272.500	319.750	80.002	19.995	103.335	19.860	13.669	0.971
273.000	320.248	80.001	19.995	103.334	19.858	13.778	0.968
273.500	320.756	80.002	19.995	103.334	19.854	14.107	0.981
274.000	321.234	80.002	19.995	103.328	19.849	14.479	0.995
274.500	321.720	80.001	19.995	103.324	19.849	14.506	0.975
275.000	322.219	80.000	19.996	103.323	19.843	14.985	0.974
275.500	322.743	80.001	19.995	103.328	19.841	15.139	1.004
276.000	323.202	80.000	19.994	103.332	19.839	15.288	1.003
276.500	323.698	80.002	19.996	103.339	19.835	15.598	0.969
277.000	324.174	80.001	19.997	103.342	19.832	15.846	0.964
277.500	324.682	80.001	19.995	103.342	19.829	16.068	0.979
278.000	325.173	79.999	19.996	103.341	19.825	16.408	0.991
278.501	325.676	80.001	19.995	103.340	19.820	16.780	0.996
279.001	326.203	80.000	19.996	103.335	19.816	17.069	1.012
279.500	326.689	80.001	19.996	103.335	19.813	17.287	1.021
280.000	327.204	80.001	19.994	103.336	19.806	17.896	1.007
280.500	327.678	80.001	19.995	103.337	19.803	18.073	0.996
281.001	328.198	80.001	19.995	103.339	19.799	18.367	0.992
281.501	328.668	80.001	19.995	103.341	19.794	18.771	0.992
282.001	329.168	80.000	19.995	103.341	19.793	18.897	0.980
282.500	329.686	79.999	19.995	103.337	19.784	19.532	0.994
283.000	330.202	80.000	19.995	103.337	19.784	19.594	1.025
283.500	330.669	80.000	19.996	103.337	19.777	20.124	1.008
284.000	331.183	80.000	19.995	103.340	19.773	20.415	0.982
284.500	331.645	80.000	19.997	103.340	19.768	20.810	0.979
285.001	332.173	80.001	19.995	103.343	19.764	21.139	0.983
285.500	332.710	80.000	19.994	103.340	19.759	21.513	1.028
286.000	333.208	80.001	19.995	103.340	19.755	21.842	1.050
286.500	333.700	80.000	19.996	103.338	19.749	22.267	1.012
287.000	334.236	79.999	19.994	103.339	19.745	22.601	1.009
287.500	334.705	80.000	19.994	103.337	19.737	23.199	1.017
288.000	335.229	80.001	19.994	103.339	19.732	23.586	0.999
288.500	335.730	80.000	19.995	103.341	19.725	24.138	1.009
289.000	336.181	80.000	19.996	103.341	19.723	24.330	0.988
289.500	336.688	80.000	19.994	103.343	19.716	24.898	0.955
290.000	337.208	80.002	19.995	103.345	19.712	25.142	0.993
290.500	337.689	80.001	19.996	103.345	19.708	25.455	1.014
291.000	338.200	80.001	19.994	103.345	19.700	26.077	0.996
291.500	338.697	80.001	19.994	103.345	19.693	26.674	1.000
292.000	339.212	80.001	19.995	103.341	19.688	27.065	1.010
292.500	339.663	80.001	19.995	103.342	19.681	27.605	0.989
293.000	340.194	80.000	19.996	103.342	19.675	28.079	0.974
293.500	340.687	80.001	19.996	103.342	19.668	28.638	1.003
294.000	341.178	80.001	19.995	103.343	19.664	28.942	1.004
294.500	341.696	80.002	19.997	103.347	19.657	29.490	0.997
295.000	342.188	80.000	19.995	103.347	19.652	29.858	1.010
295.500	342.670	80.001	19.997	103.347	19.646	30.301	0.992
296.000	343.164	80.001	19.995	103.347	19.636	31.083	0.975
296.500	343.682	80.002	19.996	103.347	19.633	31.328	0.994
297.000	344.158	80.001	19.996	103.347	19.626	31.903	1.003
297.500	344.671	80.000	19.996	103.347	19.616	32.621	0.992
298.000	345.143	80.001	19.996	103.347	19.607	33.393	0.987
298.500	345.662	80.000	19.996	103.349	19.601	33.804	0.988
299.000	346.167	80.001	19.996	103.350	19.594	34.400	1.007
299.500	346.637	80.002	19.996	103.350	19.586	34.964	1.000
300.000	347.152	80.001	19.997	103.351	19.578	35.649	0.980
300.500	347.655	80.001	19.995	103.351	19.569	36.318	1.001
301.000	348.187	80.000	19.997	103.349	19.563	36.826	1.026
301.500	348.693	80.000	19.996	103.348	19.554	37.514	1.037
302.000	349.162	80.001	19.995	103.348	19.544	38.285	1.006
302.500	349.693	80.000	19.995	103.349	19.538	38.759	0.987
303.000	350.205	80.000	19.995	103.349	19.528	39.531	1.022
303.500	350.687	80.001	19.997	103.349	19.519	40.236	1.019
304.000	351.208	80.001	19.996	103.356	19.510	40.940	0.999
304.500	351.709	79.998	19.997	103.360	19.500	41.720	1.012
305.000	352.218	79.999	19.997	103.362	19.493	42.279	1.016
305.500	352.710	80.000	19.996	103.364	19.481	43.147	1.005
306.000	353.209	80.000	19.996	103.367	19.472	43.898	0.996
306.500	353.752	80.000	19.995	103.360	19.461	44.720	1.017
307.000	354.211	79.997	19.995	103.356	19.453	45.350	1.022
307.500	354.776	79.999	19.996	103.352	19.443	46.181	1.013
308.000	355.243	80.000	19.997	103.352	19.432	47.000	1.028
308.500	355.751	80.000	19.996	103.354	19.419	48.043	1.004
309.000	356.297	79.998	19.996	103.361	19.412	48.592	1.014
309.500	356.776	79.998	19.996	103.364	19.399	49.549	1.040
310.000	357.283	79.999	19.997	103.369	19.387	50.488	1.006
310.500	357.811	80.000	19.995	103.369	19.379	51.095	1.011
311.000	358.300	79.999	19.994	103.367	19.363	52.348	1.026
311.500	358.826	80.000	19.997	103.366	19.351	53.308	1.016
312.000	359.281	79.999	19.995	103.370	19.341	54.120	0.998
312.500	359.793	79.997	19.995	103.371	19.328	55.075	0.974
313.000	360.299	80.000	19.995	103.375	19.316	56.042	0.993
313.500	360.802	79.998	19.996	103.379	19.299	57.361	1.013
314.000	361.289	80.000	19.994	103.379	19.289	58.154	0.999
314.500	361.793	80.000	19.994	103.379	19.279	58.957	0.991
315.000	362.336	80.001	19.996	103.377	19.265	60.022	1.020
315.500	362.860	79.999	19.995	103.376	19.247	61.404	1.057
316.000	363.314	80.000	19.995	103.375	19.235	62.358	1.022
316.500	363.830	80.002	19.995	103.375	19.221	63.484	0.974
317.000	364.313	80.000	19.995	103.376	19.207	64.524	0.985
317.500	364.857	80.000	19.995	103.380	19.196	65.375	1.013
318.000	365.335	80.000	19.995	103.384	19.181	66.608	1.025
318.500	365.871	80.000	19.994	103.388	19.165	67.865	1.018
319.000	366.328	80.001	19.994	103.389	19.148	69.177	1.003
319.500	366.847	80.001	19.995	103.387	19.135	70.206	0.985
320.000	367.362	80.001	19.995	103.387	19.120	71.343	1.006
320.500	367.872	80.002	19.995	103.387	19.103	72.673	1.029
321.000	368.391	80.003	19.995	103.387	19.084	74.127	1.026
321.500	368.911	80.001	19.995	103.387	19.072	75.088	1.034
322.000	369.375	80.000	19.994	103.389	19.053	76.580	1.012
322.500	369.910	80.001	19.995	103.389	19.038	77.745	0.992
323.000	370.388	80.001	19.995	103.388	19.020	79.102	1.006
323.500	370.942	80.002	19.995	103.388	19.005	80.319	1.023
324.000	371.428	80.001	19.995	103.389	18.985	81.854	1.036
324.500	371.928	80.001	19.994	103.389	18.965	83.414	1.013
325.000	372.426	80.001	19.994	103.394	18.951	84.539	0.992
325.500	372.958	80.001	19.993	103.400	18.930	86.144	1.014
326.000	373.445	80.001	19.994	103.402	18.914	87.363	1.024
326.500	373.963	80.001	19.994	103.402	18.895	88.919	1.012
327.000	374.463	80.002	19.994	103.403	18.878	90.205	1.012
327.500	374.986	80.001	19.994	103.400	18.858	91.733	1.020
328.000	375.484	80.000	19.995	103.401	18.838	93.344	1.022
328.500	376.003	80.000	19.995	103.405	18.818	94.860	1.019
329.000	376.545	80.000	19.994	103.411	18.798	96.420	1.039
329.500	377.018	80.001	19.995	103.417	18.776	98.185	1.038
330.001	377.496	80.001	19.994	103.422	18.759	99.503	0.983
330.500	378.009	80.001	19.995	103.423	18.732	101.588	0.971
331.000	378.560	79.999	19.995	103.422	18.716	102.843	1.027
331.500	378.994	80.000	19.995	103.422	18.691	104.782	1.024
332.000	379.525	80.000	19.994	103.420	18.667	106.654	0.976
332.500	380.022	80.000	19.994	103.420	18.645	108.343	0.997
333.000	380.529	80.001	19.995	103.421	18.624	109.970	1.015
333.500	381.041	80.000	19.996	103.423	18.597	112.115	1.011
334.000	381.560	80.001	19.996	103.424	18.576	113.741	1.025
334.500	382.036	79.999	19.995	103.427	18.553	115.540	1.013
335.000	382.559	80.001	19.995	103.427	18.528	117.458	0.997
335.500	383.050	80.001	19.994	103.427	18.502	119.551	1.006
336.000	383.557	80.000	19.995	103.427	18.479	121.318	1.006
336.500	384.076	80.001	19.995	103.429	18.454	123.258	1.012
337.000	384.588	80.001	19.996	103.429	18.428	125.293	1.029
337.500	385.054	80.001	19.995	103.430	18.401	127.366	1.004
338.000	385.590	80.001	19.994	103.429	18.377	129.270	0.990
338.500	386.062	80.001	19.995	103.428	18.349	131.457	1.005
339.000	386.576	80.000	19.995	103.426	18.323	133.463	0.997
339.500	387.049	80.000	19.996	103.426	18.296	135.561	0.986
340.000	387.611	80.002	19.995	103.428	18.270	137.567	1.011
340.500	388.097	80.001	19.995	103.429	18.244	139.582	1.041
341.000	388.581	80.000	19.995	103.430	18.215	141.885	1.009
341.500	389.079	80.003	19.995	103.430	18.187	144.030	0.976
342.000	389.613	80.001	19.995	103.432	18.160	146.192	1.007
342.500	390.110	80.002	19.995	103.429	18.133	148.305	1.032
343.000	390.615	80.002	19.995	103.428	18.101	150.793	1.017
343.500	391.105	80.001	19.995	103.430	18.071	153.061	0.998
344.000	391.619	80.003	19.995	103.433	18.045	155.122	0.999
344.500	392.125	80.003	19.995	103.432	18.015	157.438	1.012
345.000	392.652	80.002	19.995	103.433	17.985	159.829	1.027
345.500	393.169	80.001	19.994	103.434	17.956	162.085	1.039
346.000	393.660	80.002	19.994	103.437	17.928	164.251	1.026
346.500	394.154	80.004	19.994	103.440	17.894	166.844	0.996
347.000	394.712	80.002	19.994	103.441	17.865	169.138	1.019
347.500	395.228	80.003	19.995	103.441	17.837	171.309	1.063
348.000	395.705	80.003	19.994	103.441	17.803	173.926	1.033
348.500	396.250	80.002	19.994	103.436	17.774	176.187	1.007
349.000	396.738	80.003	19.994	103.430	17.742	178.691	1.028
349.500	397.227	80.004	19.994	103.427	17.711	181.070	1.005
350.000	397.736	80.003	19.994	103.426	17.682	183.323	0.988
350.500	398.244	80.004	19.994	103.425	17.650	185.810	1.007
351.000	398.766	80.003	19.994	103.425	17.619	188.240	1.023
351.500	399.244	80.004	19.995	103.424	17.587	190.655	1.015
352.000	399.788	80.002	19.994	103.426	17.556	193.086	1.011
352.500	400.232	80.004	19.994	103.426	17.526	195.399	1.005
353.000	400.739	80.004	19.994	103.426	17.493	198.027	0.969
353.501	401.229	80.002	19.994	103.425	17.466	200.044	0.974
354.000	401.735	80.001	19.994	103.425	17.436	202.392	0.997
354.500	402.247	80.002	19.994	103.422	17.400	205.197	1.007
355.000	402.746	80.002	19.994	103.421	17.370	207.527	1.014
355.500	403.242	80.002	19.996	103.417	17.342	209.638	1.004
356.000	403.733	80.002	19.993	103.418	17.310	212.135	0.991
356.500	404.271	80.002	19.994	103.416	17.282	214.280	1.008
357.000	404.762	80.002	19.996	103.415	17.255	216.317	1.028
357.500	405.275	80.000	19.995	103.414	17.225	218.668	1.016
358.000	405.741	80.001	19.995	103.413	17.192	221.191	0.992
358.500	406.262	80.002	19.995	103.407	17.165	223.254	0.983
359.000	406.791	80.001	19.994	103.400	17.135	225.615	1.019
359.500	407.290	80.000	19.994	103.395	17.108	227.703	1.039
360.000	407.766	80.000	19.995	103.389	17.080	229.830	1.001
360.500	408.285	80.000	19.995	103.381	17.053	231.924	0.985
361.000	408.803	80.000	19.994	103.374	17.025	234.135	1.016
361.500	409.276	80.001	19.995	103.366	17.000	235.987	1.014
362.000	409.800	79.999	19.995	103.358	16.973	238.065	0.994
362.500	410.320	79.999	19.995	103.351	16.951	239.802	1.021
363.000	410.802	80.000	19.996	103.348	16.926	241.746	1.023
363.500	411.298	80.000	19.995	103.346	16.901	243.666	0.990
364.000	411.801	80.000	19.995	103.341	16.880	245.251	0.988
364.500	412.269	80.000	19.995	103.333	16.857	247.038	0.985
365.000	412.792	80.000	19.994	103.326	16.836	248.671	0.981
365.500	413.295	80.000	19.996	103.315	16.815	250.244	1.009
366.000	413.786	80.000	19.996	103.304	16.796	251.695	1.010
366.500	414.267	80.001	19.995	103.293	16.781	252.929	0.983
367.000	414.746	80.000	19.996	103.284	16.766	254.048	0.965
367.500	415.266	79.999	19.995	103.270	16.751	255.232	0.979
368.000	415.733	79.998	19.995	103.259	16.737	256.300	0.994
368.500	416.257	79.999	19.996	103.247	16.726	257.154	0.989
369.000	416.746	79.999	19.995	103.236	16.715	257.994	1.002
369.500	417.247	80.000	19.996	103.224	16.707	258.538	1.001
370.000	417.766	80.001	19.995	103.219	16.698	259.280	1.005
370.500	418.260	79.999	19.996	103.210	16.695	259.486	1.016
371.000	418.798	79.999	19.996	103.203	16.691	259.752	1.022
371.501	419.286	80.000	19.996	103.198	16.689	259.900	1.029
372.001	419.748	80.001	19.995	103.190	16.689	259.925	0.988
372.500	420.272	80.000	19.995	103.178	16.693	259.625	0.969
373.000	420.751	79.999	19.995	103.171	16.694	259.505	0.994
373.500	421.249	80.000	19.996	103.163	16.700	258.993	0.989
374.001	421.771	80.000	19.995	103.155	16.709	258.266	0.998
374.500	422.269	79.999	19.995	103.152	16.713	258.004	1.020
375.000	422.724	80.000	19.995	103.147	16.730	256.686	0.987
375.501	423.241	80.000	19.995	103.139	16.737	256.156	0.963
376.001	423.731	80.000	19.996	103.131	16.756	254.657	0.990
376.501	424.196	80.000	19.995	103.125	16.777	253.024	0.981
377.000	424.730	80.000	19.995	103.119	16.802	251.090	0.977
377.500	425.217	80.000	19.994	103.116	16.816	249.957	1.010
378.000	425.762	79.999	19.994	103.116	16.830	248.892	1.026
378.500	426.241	80.001	19.995	103.113	16.859	246.644	1.028
379.000	426.724	79.999	19.995	103.106	16.903	243.232	0.993
379.500	427.255	79.998	19.995	103.101	16.927	241.414	0.988
380.000	427.719	80.000	19.995	103.094	16.962	238.728	1.004
380.500	428.231	80.000	19.995	103.086	17.002	235.639	0.986
381.000	428.765	79.999	19.994	103.079	17.037	232.911	1.012
381.500	429.239	80.000	19.994	103.077	17.080	229.601	1.027
382.001	429.739	79.999	19.995	103.072	17.123	226.308	0.991
382.500	430.237	80.000	19.994	103.070	17.168	222.798	0.986
383.000	430.694	80.000	19.993	103.066	17.212	219.348	0.976
383.500	431.213	79.999	19.994	103.062	17.259	215.715	0.965
384.000	431.700	79.999	19.994	103.054	17.310	211.778	0.991
384.500	432.213	79.998	19.995	103.048	17.359	207.969	1.003
385.000	432.725	79.999	19.995	103.043	17.419	203.392	1.013
385.500	433.302	79.999	19.995	103.042	17.471	199.343	1.057
386.000	433.687	79.997	19.995	103.041	17.526	195.041	1.025
386.500	434.298	80.000	19.995	103.039	17.584	190.551	0.979
387.000	434.732	79.999	19.995	103.039	17.645	185.877	1.021
387.500	435.251	79.999	19.996	103.038	17.701	181.469	0.999
388.000	435.850	79.999	19.995	103.036	17.759	177.004	1.036
388.500	436.220	79.998	19.995	103.038	17.821	172.190	1.044
389.000	436.801	79.998	19.995	103.044	17.878	167.784	0.960
389.500	437.196	79.999	19.995	103.050	17.933	163.485	0.963
390.000	437.768	79.999	19.995	103.057	17.994	158.713	0.971
390.500	438.250	79.997	19.995	103.064	18.050	154.418	1.010
391.000	439.129	79.997	19.995	103.070	18.110	149.736	1.208
391.500	438.896	79.998	19.996	103.073	18.165	145.456	1.004
392.000	439.298	79.999	19.995	103.080	18.220	141.150	0.408
392.501	439.761	79.997	19.995	103.088	18.273	137.023	0.517
393.000	440.660	79.997	19.996	103.096	18.323	133.177	1.114
393.500	441.424	79.998	19.996	103.104	18.373	129.302	1.513
394.000	441.664	79.996	19.995	103.110	18.419	125.689	1.334
394.500	442.416	79.998	19.996	103.117	18.465	122.121	0.998
395.000	442.776	79.998	19.996	103.123	18.503	119.160	1.052
395.500	443.313	79.998	19.996	103.130	18.548	115.691	1.004
396.000	443.818	79.999	19.996	103.138	18.586	112.679	0.969
396.500	444.336	79.998	19.995	103.146	18.628	109.420	1.032
397.000	444.798	79.999	19.996	103.151	18.664	106.669	1.001
397.500	445.275	79.999	19.995	103.159	18.697	104.082	0.960
398.000	445.791	79.999	19.996	103.168	18.728	101.691	0.966
398.500	446.283	79.999	19.996	103.175	18.758	99.342	1.000
399.000	446.772	79.999	19.995	103.182	18.786	97.186	0.994
399.500	447.335	80.000	19.996	103.190	18.812	95.161	1.016
400.000	447.786	79.999	19.995	103.193	18.837	93.152	1.033
400.500	448.275	79.998	19.996	103.192	18.862	91.219	0.977
401.000	448.834	80.000	19.995	103.193	18.884	89.527	0.994
401.500	449.361	80.001	19.996	103.193	18.907	87.773	1.066
402.000	449.792	80.000	19.995	103.193	18.924	86.430	1.022
402.500	450.325	80.001	19.995	103.193	18.941	85.083	0.961
403.000	450.818	80.001	19.995	103.192	18.953	84.149	0.995
403.500	451.277	79.999	19.995	103.191	18.975	82.442	0.989
404.000	451.814	80.000	19.996	103.192	18.987	81.527	0.974
404.500	452.263	79.999	19.994	103.194	19.000	80.538	0.990
405.000	452.803	80.001	19.995	103.196	19.014	79.456	0.988
405.500	453.259	80.001	19.996	103.198	19.024	78.667	0.993
406.000	453.761	80.001	19.996	103.198	19.034	77.847	0.977
406.500	454.281	80.001	19.995	103.196	19.042	77.258	0.990
407.000	454.774	80.002	19.995	103.193	19.053	76.381	1.017
407.500	455.306	80.001	19.995	103.190	19.064	75.530	1.019
408.000	455.757	80.002	19.994	103.189	19.069	75.131	1.004
408.500	456.280	80.002	19.994	103.188	19.079	74.395	0.978
409.000	456.779	80.002	19.994	103.189	19.086	73.840	0.998
409.500	457.271	80.001	19.995	103.190	19.090	73.462	1.007
410.000	457.773	80.002	19.995	103.190	19.095	73.122	0.993
410.500	458.261	80.000	19.994	103.189	19.101	72.613	0.992
411.000	458.752	80.000	19.995	103.190	19.111	71.880	0.984
411.500	459.300	79.999	19.995	103.189	19.112	71.762	1.009
412.000	459.761	80.001	19.994	103.190	19.116	71.462	1.024
412.500	460.248	80.001	19.995	103.190	19.118	71.324	0.978
413.000	460.723	80.001	19.995	103.190	19.123	70.941	0.955
413.500	461.206	80.000	19.994	103.189	19.125	70.734	0.960
414.000	461.759	80.000	19.994	103.189	19.132	70.228	0.997
414.500	462.232	80.001	19.994	103.189	19.130	70.419	1.031
415.000	462.753	80.001	19.994	103.190	19.132	70.195	1.010
415.500	463.235	80.001	19.995	103.190	19.134	70.037	0.999
416.000	463.683	80.001	19.994	103.191	19.137	69.816	0.967
416.500	464.243	80.001	19.994	103.191	19.136	69.870	0.969
417.000	464.668	80.001	19.995	103.190	19.136	69.886	0.997
417.500	465.185	80.001	19.995	103.186	19.141	69.493	0.963
418.000	465.657	80.002	19.995	103.186	19.143	69.397	0.965
418.500	466.143	80.001	19.995	103.184	19.141	69.517	0.974
419.000	466.641	80.000	19.994	103.183	19.142	69.445	0.971
419.500	467.128	80.000	19.995	103.178	19.144	69.289	0.984
420.000	467.673	80.001	19.995	103.174	19.143	69.344	1.009
420.500	468.128	80.000	19.995	103.173	19.140	69.573	1.016
421.000	468.623	80.001	19.995	103.172	19.143	69.389	0.975
421.500	469.090	80.001	19.995	103.167	19.143	69.365	0.956
422.000	469.610	80.002	19.995	103.165	19.142	69.444	0.975
422.500	470.126	80.001	19.995	103.165	19.142	69.417	1.012
423.000	470.600	80.001	19.995	103.165	19.140	69.564	1.013
423.500	471.092	80.002	19.995	103.165	19.138	69.751	0.978
424.000	471.571	80.002	19.995	103.164	19.139	69.676	0.969
424.500	472.077	80.001	19.995	103.164	19.140	69.589	0.978
425.000	472.592	80.003	19.995	103.169	19.133	70.102	1.003
425.500	473.060	80.002	19.994	103.164	19.136	69.883	1.002
426.000	473.588	80.002	19.995	103.158	19.134	70.037	0.989
426.500	474.073	80.003	19.994	103.158	19.131	70.289	1.004
427.000	474.594	80.001	19.994	103.157	19.128	70.482	1.009
427.500	475.062	80.003	19.994	103.151	19.127	70.575	0.998
428.000	475.596	80.002	19.995	103.149	19.129	70.466	0.995
428.500	476.073	80.003	19.994	103.149	19.126	70.640	1.006
429.000	476.532	80.001	19.994	103.149	19.124	70.853	0.974
429.500	477.066	80.002	19.995	103.149	19.124	70.789	0.965
430.000	477.521	80.003	19.996	103.150	19.123	70.876	0.991
430.500	478.043	80.003	19.995	103.149	19.117	71.343	0.983
431.000	478.519	80.003	19.995	103.150	19.119	71.212	0.988
431.500	479.000	80.002	19.995	103.150	19.123	70.919	0.977
432.000	479.509	80.002	19.994	103.149	19.115	71.497	0.973
432.500	479.988	80.002	19.994	103.149	19.115	71.479	0.990
433.000	480.498	80.001	19.994	103.149	19.110	71.881	0.989
433.500	481.003	80.002	19.995	103.149	19.108	72.044	1.002
434.000	481.490	80.001	19.994	103.149	19.109	71.986	1.003
434.500	481.998	80.001	19.994	103.148	19.106	72.161	0.994
435.000	482.476	80.002	19.994	103.148	19.103	72.396	0.991
435.500	483.013	80.000	19.996	103.145	19.102	72.502	1.001
436.000	483.476	80.002	19.995	103.144	19.099	72.749	1.007
436.500	483.959	80.002	19.995	103.142	19.100	72.635	0.973
437.000	484.441	80.000	19.994	103.137	19.100	72.617	0.956
437.500	484.953	80.000	19.994	103.131	19.104	72.319	0.979
438.000	485.483	80.000	19.994	103.126	19.105	72.299	1.018
438.500	485.997	80.000	19.995	103.121	19.109	71.950	1.044
439.000	486.477	80.000	19.994	103.122	19.104	72.337	1.019
439.500	486.962	80.000	19.995	103.126	19.107	72.096	0.979
440.000	487.445	80.001	19.994	103.126	19.108	71.985	0.967
440.500	487.911	80.001	19.994	103.126	19.114	71.551	0.959
441.000	488.441	80.001	19.994	103.125	19.117	71.297	0.972
441.500	488.890	80.000	19.995	103.120	19.119	71.190	0.987
442.000	489.432	80.002	19.994	103.114	19.123	70.828	0.985
442.500	489.938	80.001	19.994	103.114	19.130	70.357	1.019
443.000	490.415	80.002	19.994	103.114	19.135	69.948	1.015
443.500	490.903	80.000	19.994	103.107	19.145	69.163	0.974
444.000	491.420	80.000	19.993	103.105	19.153	68.518	0.985
444.500	491.939	80.001	19.995	103.103	19.161	67.902	1.020
445.000	492.409	79.999	19.993	103.100	19.169	67.328	1.013
445.500	492.919	80.000	19.995	103.093	19.181	66.407	0.985
446.000	493.420	80.000	19.994	103.092	19.193	65.409	0.995
446.500	493.937	80.001	19.995	103.088	19.209	64.211	1.014
447.000	494.413	80.001	19.995	103.081	19.223	63.119	1.006
447.500	494.941	80.002	19.995	103.077	19.240	61.804	0.999
448.000	495.419	80.000	19.993	103.076	19.252	60.902	1.005
448.500	495.910	80.001	19.995	103.076	19.268	59.654	0.988
449.000	496.418	79.999	19.994	103.076	19.287	58.178	0.984
449.500	496.911	80.001	19.994	103.076	19.309	56.474	1.000
450.000	497.386	80.000	19.994	103.075	19.326	55.142	0.985
450.500	497.900	79.999	19.994	103.069	19.351	53.183	0.978
451.000	498.379	79.999	19.995	103.064	19.369	51.846	0.990
451.500	498.884	80.000	19.994	103.062	19.394	49.891	0.988
452.000	499.388	80.000	19.994	103.062	19.416	48.145	0.997
452.500	499.882	79.998	19.994	103.064	19.442	46.125	1.004
453.000	500.356	80.000	19.994	103.070	19.468	44.103	0.983
453.500	500.861	80.001	19.995	103.077	19.492	42.260	0.973
454.000	501.356	80.000	19.994	103.080	19.516	40.381	0.989
454.500	501.865	80.000	19.995	103.080	19.539	38.570	1.001
455.000	502.340	80.001	19.994	103.080	19.564	36.668	0.994
455.500	502.876	80.001	19.995	103.080	19.586	34.942	0.998
456.000	503.345	80.001	19.994	103.086	19.610	33.041	1.009
456.500	503.819	80.000	19.994	103.092	19.632	31.393	0.974
457.000	504.341	80.001	19.995	103.100	19.655	29.581	0.969
457.500	504.873	79.999	19.995	103.111	19.676	27.918	1.025
458.000	505.332	80.001	19.995	103.123	19.700	26.108	1.023
458.500	505.807	80.001	19.995	103.132	19.720	24.519	0.963
459.000	506.333	79.999	19.995	103.139	19.737	23.164	0.967
459.501	506.817	79.999	19.994	103.149	19.756	21.713	1.005
460.001	507.349	80.000	19.995	103.160	19.774	20.309	1.013
460.500	507.805	80.001	19.995	103.168	19.790	19.063	1.002
461.000	508.320	79.999	19.994	103.177	19.808	17.660	0.979
461.500	508.796	80.001	19.995	103.184	19.822	16.606	0.981
462.000	509.309	80.000	19.995	103.189	19.836	15.492	0.990
462.500	509.824	80.000	19.995	103.192	19.849	14.511	1.008
463.001	510.315	80.000	19.995	103.195	19.865	13.229	1.017
463.500	510.813	79.999	19.996	103.200	19.872	12.672	0.998
464.000	511.320	80.000	19.996	103.203	19.881	11.979	0.997
464.501	511.812	79.999	19.995	103.202	19.891	11.186	1.002
465.000	512.303	80.000	19.995	103.205	19.902	10.381	0.991
465.500	512.798	80.000	19.994	103.206	19.909	9.782	0.985
466.000	513.293	80.000	19.996	103.203	19.918	9.114	0.987
466.500	513.786	80.000	19.995	103.204	19.923	8.696	0.989
467.001	514.290	80.000	19.995	103.209	19.934	7.864	0.992
467.500	514.805	80.000	19.995	103.207	19.934	7.888	1.008
468.000	515.303	79.999	19.995	103.205	19.940	7.382	1.016
468.500	515.830	80.002	19.994	103.203	19.944	7.111	1.020
469.000	516.334	79.999	19.994	103.198	19.947	6.879	1.028
469.500	516.845	80.000	19.996	103.192	19.954	6.307	1.023
470.000	517.350	79.999	19.996	103.191	19.960	5.889	1.015
470.500	517.872	79.999	19.995	103.190	19.962	5.697	1.022
471.000	518.347	79.999	19.994	103.189	19.964	5.507	1.012
471.500	518.820	79.999	19.995	103.189	19.966	5.413	0.972
472.000	519.327	79.998	19.995	103.189	19.969	5.127	0.964
472.500	519.877	79.999	19.995	103.190	19.971	4.985	1.018
473.000	520.411	79.999	19.995	103.190	19.975	4.703	1.071
473.500	520.929	80.000	19.994	103.190	19.975	4.695	1.068
474.000	521.407	80.000	19.994	103.192	19.979	4.398	1.023
474.500	521.885	80.000	19.996	103.194	19.981	4.258	0.976
475.000	522.432	80.000	19.995	103.195	19.981	4.258	0.991
475.500	522.947	79.999	19.995	103.195	19.982	4.144	1.044
476.000	523.430	80.001	19.995	103.196	19.984	3.999	1.030
476.500	523.960	80.000	19.996	103.196	19.984	3.957	1.005
477.000	524.446	80.001	19.996	103.195	19.983	4.078	1.015
477.500	524.957	80.000	19.995	103.195	19.987	3.767	1.006
478.000	525.486	80.000	19.997	103.196	19.989	3.577	1.018
478.500	525.994	80.000	19.996	103.199	19.989	3.639	1.039
479.000	526.505	80.000	19.995	103.202	19.991	3.476	1.028
479.500	526.995	79.999	19.996	103.201	19.992	3.348	1.010
480.000	527.543	80.000	19.995	103.203	19.990	3.485	1.020
480.500	528.069	80.001	19.995	103.208	19.990	3.536	1.056
481.000	528.575	80.001	19.995	103.208	19.992	3.404	1.052
481.500	529.100	80.000	19.995	103.209	19.994	3.173	1.032
482.000	529.637	80.001	19.995	103.211	19.993	3.314	1.047
482.500	530.099	80.000	19.995	103.211	19.991	3.440	1.031
483.000	530.643	80.000	19.995	103.212	19.995	3.158	1.002
483.500	531.197	80.000	19.995	103.214	19.995	3.169	1.052
484.000	531.722	80.000	19.995	103.217	19.993	3.284	1.089
484.500	532.192	80.001	19.995	103.223	19.998	2.924	1.037
485.000	532.755	80.000	19.995	103.226	19.998	2.915	1.014
485.500	533.243	80.002	19.996	103.227	19.998	2.866	1.042
486.000	533.781	80.001	19.996	103.228	19.997	2.968	1.038
486.500	534.328	80.002	19.996	103.227	20.000	2.772	1.055
487.000	534.835	80.000	19.995	103.227	19.998	2.900	1.069
487.500	535.372	80.002	19.996	103.228	19.999	2.849	1.049
488.000	535.884	80.002	19.996	103.227	19.999	2.796	1.047
488.500	536.415	80.000	19.996	103.226	19.999	2.809	1.046
489.000	536.945	80.001	19.994	103.226	20.001	2.653	1.052
489.500	537.431	80.001	19.997	103.226	20.000	2.725	1.038
490.000	537.945	80.000	19.996	103.226	19.998	2.877	1.008
490.500	538.481	80.000	19.995	103.227	20.001	2.659	1.026
491.000	539.020	80.000	19.997	103.227	20.001	2.648	1.063
491.500	539.553	80.000	19.998	103.227	20.003	2.529	1.073
492.000	540.067	80.000	19.996	103.227	20.005	2.335	1.059
492.500	540.593	80.000	19.996	103.226	20.003	2.488	1.044
493.000	541.113	80.001	19.996	103.226	20.001	2.687	1.043
493.500	541.658	80.000	19.997	103.226	20.003	2.476	1.055
494.000	542.172	80.001	19.996	103.226	20.003	2.478	1.062
494.500	542.698	80.000	19.996	103.224	20.005	2.390	1.050
495.000	543.218	80.001	19.996	103.225	20.005	2.369	1.043
495.500	543.787	80.000	19.997	103.225	20.003	2.486	1.067
496.000	544.297	80.001	19.996	103.225	20.004	2.463	1.084
496.500	544.830	80.000	19.995	103.224	20.004	2.467	1.061
497.000	545.320	80.001	19.996	103.226	20.001	2.668	1.033
497.500	545.828	80.001	19.996	103.226	20.006	2.290	1.011
498.000	546.388	80.001	19.996	103.226	20.004	2.450	1.033
498.500	546.919	80.002	19.995	103.226	20.007	2.183	1.080
499.000	547.475	80.002	19.995	103.228	20.005	2.348	1.089
499.500	547.984	80.001	19.996	103.228	20.004	2.424	1.077
500.000	548.516	80.001	19.995	103.229	20.006	2.309	1.053
500.500	549.079	80.002	19.996	103.230	20.005	2.324	1.067
501.000	549.578	80.001	19.995	103.232	20.006	2.277	1.079
501.500	550.120	80.001	19.995	103.232	20.009	2.061	1.052
502.000	550.635	80.001	19.995	103.230	20.009	2.068	1.049
502.500	551.189	80.001	19.995	103.227	20.009	2.055	1.063
503.000	551.689	80.001	19.994	103.226	20.008	2.111	1.061
503.500	552.246	80.002	19.994	103.226	20.008	2.089	1.055
504.000	552.772	80.002	19.994	103.226	20.010	1.957	1.070
504.500	553.349	80.001	19.994	103.228	20.009	2.068	1.093
505.001	553.837	80.001	19.994	103.232	20.008	2.111	1.084
505.500	554.399	80.001	19.994	103.231	20.006	2.266	1.057
506.000	554.998	80.002	19.994	103.231	20.010	1.965	1.105
506.500	555.472	80.001	19.995	103.229	20.008	2.125	1.117
507.000	555.989	80.002	19.994	103.226	20.006	2.277	1.032
507.500	556.527	80.002	19.995	103.226	20.007	2.215	1.023
508.000	557.024	80.002	19.994	103.226	20.008	2.121	1.045
508.500	557.606	80.001	19.994	103.226	20.006	2.298	1.057
509.000	558.126	80.002	19.994	103.227	20.004	2.422	1.090
509.500	558.653	80.002	19.995	103.230	20.007	2.228	1.074
510.000	559.195	80.002	19.995	103.229	20.008	2.106	1.058
510.500	559.735	80.002	19.994	103.227	20.009	2.032	1.076
511.000	560.253	80.002	19.994	103.220	20.008	2.134	1.070
511.500	560.776	80.002	19.994	103.216	20.009	2.044	1.050
512.000	561.325	80.003	19.995	103.213	20.007	2.219	1.057
512.500	561.834	80.003	19.993	103.213	20.008	2.155	1.065
513.000	562.401	80.001	19.994	103.215	20.009	2.066	1.067
513.500	562.927	80.001	19.994	103.220	20.006	2.298	1.084
514.000	563.437	80.002	19.995	103.225	20.009	2.077	1.064
514.500	563.949	80.001	19.995	103.227	20.007	2.168	1.029
515.000	564.484	80.001	19.994	103.228	20.008	2.109	1.035
515.500	565.032	80.000	19.994	103.227	20.009	2.064	1.065
516.000	565.554	80.002	19.994	103.227	20.007	2.222	1.076
516.500	566.033	80.002	19.995	103.225	20.010	1.991	1.036
517.000	566.610	80.000	19.994	103.222	20.008	2.119	1.029
517.500	567.129	80.000	19.995	103.221	20.011	1.869	1.076
518.000	567.607	79.999	19.994	103.222	20.008	2.115	1.046
518.500	568.163	79.999	19.995	103.219	20.011	1.859	1.015
519.000	568.682	80.000	19.994	103.218	20.008	2.123	1.055
519.501	569.221	79.999	19.995	103.223	20.011	1.852	1.067
520.000	569.770	80.000	19.995	103.222	20.009	2.012	1.073
520.500	570.284	80.001	19.995	103.222	20.009	2.049	1.075
521.000	570.819	79.999	19.995	103.227	20.012	1.839	1.056
521.500	571.374	79.999	19.994	103.228	20.012	1.797	1.069
522.000	571.875	80.000	19.995	103.223	20.011	1.908	1.073
522.500	572.359	80.000	19.995	103.224	20.011	1.878	1.021
523.000	572.890	80.000	19.994	103.223	20.010	1.982	1.000
523.500	573.451	80.000	19.994	103.223	20.009	2.055	1.053
524.000	574.007	79.999	19.994	103.223	20.010	1.955	1.105
524.500	574.532	79.999	19.995	103.228	20.014	1.682	1.099
525.000	575.053	79.999	19.995	103.230	20.011	1.914	1.063
525.500	575.578	79.999	19.996	103.230	20.011	1.874	1.045
526.000	576.116	80.001	19.995	103.230	20.015	1.615	1.055
526.500	576.660	80.000	19.994	103.231	20.009	2.033	1.073
527.000	577.149	80.000	19.995	103.230	20.014	1.683	1.058
527.500	577.673	79.999	19.996	103.229	20.013	1.703	1.023
528.000	578.209	80.000	19.995	103.230	20.014	1.630	1.036
528.500	578.712	80.000	19.994	103.226	20.014	1.641	1.050
529.000	579.220	80.000	19.995	103.221	20.014	1.656	1.025
529.500	579.770	80.001	19.994	103.220	20.015	1.615	1.035
530.000	580.293	80.000	19.994	103.215	20.017	1.430	1.066
530.500	580.792	80.000	19.995	103.215	20.015	1.541	1.047
531.000	581.325	80.000	19.994	103.215	20.018	1.383	1.027
531.500	581.876	80.000	19.995	103.219	20.014	1.681	1.058
532.000	582.380	79.999	19.994	103.215	20.014	1.662	1.070
532.500	582.858	80.000	19.994	103.216	20.015	1.585	1.018
533.000	583.393	80.000	19.994	103.218	20.015	1.600	0.997
533.500	583.913	80.000	19.995	103.219	20.013	1.747	1.034
534.000	584.419	80.000	19.994	103.218	20.016	1.502	1.040
534.500	584.963	80.000	19.994	103.221	20.014	1.647	1.038
535.000	585.473	80.001	19.994	103.223	20.013	1.703	1.052
535.500	586.013	80.001	19.993	103.221	20.011	1.880	1.052
536.000	586.477	80.001	19.995	103.219	20.015	1.600	1.028
536.500	587.002	80.000	19.995	103.218	20.012	1.784	0.997
537.000	587.503	80.001	19.994	103.217	20.016	1.504	1.007
537.500	588.023	80.000	19.994	103.211	20.016	1.525	1.023
538.000	588.517	80.001	19.995	103.207	20.016	1.483	1.017
538.500	589.055	80.000	19.994	103.204	20.016	1.523	1.023
539.000	589.519	80.000	19.995	103.203	20.016	1.532	1.017
539.500	590.067	80.000	19.994	103.204	20.014	1.656	1.007
540.000	590.613	80.001	19.995	103.209	20.015	1.587	1.053
540.500	591.087	80.000	19.994	103.211	20.015	1.609	1.057
541.000	591.620	80.000	19.995	103.211	20.015	1.547	1.014
541.500	592.137	80.001	19.994	103.213	20.018	1.372	1.029
542.000	592.623	80.000	19.995	103.210	20.017	1.459	1.027
542.500	593.155	80.000	19.995	103.208	20.016	1.530	1.011
543.000	593.675	80.002	19.994	103.206	20.018	1.333	1.035
543.500	594.212	80.000	19.995	103.205	20.016	1.487	1.054
544.000	594.720	79.999	19.994	103.200	20.012	1.813	1.051
544.500	595.239	80.000	19.994	103.198	20.015	1.585	1.036
545.000	595.730	80.000	19.995	103.195	20.014	1.645	1.018
545.500	596.267	80.000	19.995	103.197	20.014	1.666	1.019
546.000	596.762	80.001	19.994	103.197	20.015	1.585	1.031
546.500	597.285	80.000	19.994	103.198	20.015	1.579	1.025
547.000	597.783	80.001	19.994	103.198	20.016	1.521	1.019
547.500	598.281	79.999	19.995	103.200	20.014	1.641	1.008
548.000	598.758	80.000	19.996	103.198	20.016	1.530	0.985
548.500	599.280	80.000	19.995	103.200	20.015	1.594	0.987
549.000	599.774	79.999	19.995	103.202	20.013	1.703	1.007
549.500	600.251	79.998	19.995	103.201	20.016	1.517	0.994
550.000	600.787	79.999	19.995	103.199	20.016	1.470	0.992
550.500	601.316	79.999	19.996	103.198	20.013	1.739	1.039
551.000	601.800	79.999	19.995	103.201	20.017	1.440	1.039
551.500	602.350	79.999	19.995	103.200	20.013	1.765	1.024
552.000	602.819	80.000	19.996	103.201	20.020	1.169	1.027
552.500	603.330	79.999	19.995	103.203	20.017	1.417	1.000
553.000	603.798	79.998	19.996	103.203	20.017	1.408	0.979
553.500	604.317	80.000	19.996	103.200	20.016	1.491	0.983
554.000	604.809	80.000	19.996	103.198	20.013	1.767	0.999
554.500	605.288	80.001	19.995	103.198	20.020	1.227	0.991
555.000	605.836	80.000	19.996	103.195	20.020	1.193	0.999
555.500	606.326	79.999	19.995	103.194	20.022	1.003	1.033
556.000	606.792	80.000	19.996	103.195	20.019	1.255	0.997
556.501	607.338	79.999	19.995	103.196	20.017	1.453	0.984
557.000	607.812	80.001	19.995	103.198	20.021	1.127	1.016
557.500	608.292	80.000	19.995	103.198	20.019	1.229	0.987
558.000	608.808	79.999	19.995	103.201	20.018	1.357	0.975
558.500	609.239	80.001	19.995	103.202	20.024	0.903	0.972
559.000	609.779	80.001	19.996	103.201	20.017	1.421	0.959
559.500	610.274	80.000	19.995	103.200	20.023	0.988	1.003
560.000	610.792	80.002	19.996	103.203	20.021	1.122	1.024
560.500	611.233	80.001	19.995	103.203	20.021	1.120	0.986
561.000	611.763	80.001	19.995	103.204	20.020	1.152	0.965
561.500	612.253	80.001	19.995	103.204	20.024	0.905	0.996
562.000	612.750	80.001	19.994	103.204	20.023	0.958	1.003
562.500	613.242	80.002	19.995	103.204	20.022	1.059	0.988
563.000	613.759	80.002	19.995	103.201	20.020	1.223	0.999
563.500	614.212	80.001	19.995	103.198	20.023	0.971	0.990
564.000	614.746	80.002	19.995	103.197	20.021	1.144	0.979
564.500	615.183	80.002	19.995	103.197	20.024	0.894	0.979
565.000	615.695	80.003	19.995	103.199	20.021	1.080	0.960
565.500	616.163	80.002	19.994	103.204	20.016	1.500	0.965
566.000	616.693	80.002	19.995	103.203	20.020	1.159	0.989
566.500	617.159	80.004	19.996	103.205	20.021	1.074	0.996
567.000	617.640	80.002	19.995	103.209	20.019	1.240	0.972
567.500	618.127	80.002	19.995	103.212	20.019	1.291	0.958
568.000	618.619	80.003	19.995	103.212	20.017	1.445	0.973
568.500	619.157	80.002	19.995	103.213	20.018	1.321	1.005
569.000	619.651	80.003	19.995	103.209	20.018	1.355	1.032
569.500	620.142	80.001	19.995	103.206	20.021	1.099	1.009
570.000	620.688	80.003	19.994	103.203	20.017	1.451	1.011
570.500	621.139	80.002	19.995	103.205	20.017	1.453	1.017
571.000	621.635	80.002	19.995	103.211	20.018	1.338	0.972
571.500	622.152	80.001	19.994	103.219	20.016	1.530	0.980
572.000	622.632	80.001	19.995	103.225	20.015	1.552	1.005
572.501	623.155	80.001	19.996	103.228	20.018	1.357	1.000
573.000	623.644	80.001	19.996	103.229	20.016	1.511	1.008
573.500	624.132	80.001	19.995	103.231	20.017	1.402	0.995
574.000	624.631	80.001	19.996	103.231	20.018	1.383	0.982
574.500	625.138	80.002	19.996	103.231	20.019	1.255	0.996
575.001	625.611	80.000	19.996	103.231	20.014	1.624	0.992
575.500	626.153	80.000	19.996	103.231	20.016	1.515	0.997
576.000	626.665	80.002	19.996	103.232	20.018	1.362	1.034
576.500	627.180	80.000	19.994	103.236	20.019	1.302	1.041
577.000	627.630	80.002	19.995	103.236	20.019	1.283	0.997
577.500	628.166	80.001	19.996	103.236	20.022	1.009	0.975
578.000	628.677	80.000	19.996	103.236	20.020	1.197	1.016
578.500	629.156	80.001	19.996	103.235	20.017	1.396	1.019
579.000	629.667	80.000	19.996	103.231	20.017	1.424	0.990
579.500	630.195	79.999	19.996	103.232	20.017	1.396	1.014
580.000	630.661	80.001	19.996	103.233	20.018	1.315	1.016
580.500	631.199	80.000	19.995	103.232	20.018	1.319	0.999
581.000	631.713	80.000	19.996	103.232	20.018	1.366	1.028
581.500	632.233	80.000	19.996	103.231	20.018	1.311	1.042
582.000	632.718	80.000	19.996	103.231	20.021	1.134	1.019
582.500	633.239	80.000	19.996	103.230	20.018	1.371	1.006
583.000	633.765	80.001	19.996	103.230	20.017	1.392	1.027
583.500	634.302	80.002	19.996	103.230	20.014	1.652	1.054
584.000	634.795	80.001	19.995	103.230	20.018	1.381	1.047
584.500	635.327	80.001	19.996	103.230	20.022	1.054	1.028
585.000	635.853	80.001	19.996	103.230	20.016	1.496	1.041
585.500	636.357	80.001	19.995	103.230	20.017	1.390	1.044
586.000	636.847	80.000	19.995	103.230	20.018	1.345	1.012
586.500	637.367	80.001	19.995	103.233	20.017	1.405	1.002
587.000	637.875	80.001	19.995	103.233	20.016	1.531	1.019
587.500	638.406	80.001	19.996	103.233	20.020	1.217	1.033
588.000	638.915	80.002	19.995	103.234	20.016	1.473	1.040
588.500	639.462	80.002	19.995	103.234	20.015	1.569	1.048
589.000	639.978	80.002	19.996	103.231	20.018	1.362	1.060
589.500	640.481	80.001	19.994	103.232	20.018	1.351	1.041
590.000	641.000	80.001	19.995	103.235	20.017	1.409	1.020
590.500	641.484	80.002	19.995	103.236	20.017	1.392	1.012
591.000	642.030	80.001	19.994	103.236	20.020	1.213	1.017
591.500	642.577	80.003	19.995	103.241	20.020	1.198	1.062
592.000	643.097	80.002	19.995	103.247	20.017	1.435	1.080
592.500	643.610	80.003	19.994	103.251	20.016	1.509	1.050
593.000	644.094	80.002	19.994	103.257	20.016	1.469	1.015
593.500	644.652	80.003	19.994	103.263	20.014	1.627	1.020
594.000	645.141	80.002	19.994	103.263	20.019	1.296	1.045
594.500	645.682	80.004	19.994	103.258	20.018	1.358	1.038
595.000	646.193	80.001	19.995	103.254	20.018	1.371	1.040
595.500	646.700	80.001	19.994	103.247	20.015	1.586	1.035
596.000	647.258	80.001	19.994	103.246	20.014	1.665	1.042
596.500	647.757	80.001	19.994	103.247	20.015	1.586	1.061
597.000	648.258	80.001	19.994	103.251	20.019	1.283	1.028
597.500	648.769	80.001	19.995	103.253	20.018	1.339	1.006
598.000	649.282	80.000	19.995	103.260	20.017	1.407	1.018
598.500	649.861	80.000	19.994	103.263	20.019	1.240	1.059
599.000	650.367	80.000	19.995	103.263	20.016	1.471	1.089
599.500	650.875	79.998	19.995	103.263	20.020	1.196	1.049
600.000	651.380	80.000	19.996	103.265	20.020	1.177	1.013
600.500	651.881	80.001	19.995	103.262	20.018	1.324	1.010
601.000	652.432	80.001	19.995	103.259	20.014	1.623	1.030
601.501	652.951	79.999	19.995	103.259	20.018	1.354	1.061
602.001	653.437	80.000	19.995	103.259	20.021	1.142	1.037
602.500	653.983	80.000	19.994	103.259	20.018	1.322	1.018
603.000	654.493	79.999	19.995	103.263	20.018	1.326	1.044
603.500	655.028	80.000	19.995	103.266	20.020	1.164	1.050
604.000	655.581	80.000	19.994	103.269	20.017	1.396	1.067
604.500	656.102	80.000	19.996	103.271	20.016	1.463	1.081
605.000	656.616	80.000	19.994	103.273	20.018	1.371	1.054
605.500	657.120	80.000	19.994	103.273	20.018	1.345	1.026
606.000	657.645	79.998	19.994	103.275	20.020	1.198	1.023
606.500	658.208	80.000	19.995	103.274	20.019	1.292	1.059
607.000	658.700	79.999	19.994	103.272	20.020	1.228	1.072
607.500	659.220	80.000	19.995	103.270	20.018	1.384	1.033
608.000	659.763	80.000	19.996	103.269	20.020	1.215	1.038
608.500	660.253	80.000	19.996	103.267	20.017	1.431	1.048
609.000	660.774	79.999	19.994	103.268	20.019	1.303	1.022
609.500	661.290	80.000	19.996	103.270	20.014	1.621	1.024
610.000	661.811	79.998	19.995	103.277	20.015	1.580	1.037
610.500	662.327	80.002	19.995	103.281	20.016	1.480	1.037
611.000	662.843	80.001	19.996	103.282	20.016	1.482	1.034
611.500	663.374	80.001	19.996	103.283	20.015	1.546	1.040
612.000	663.883	80.001	19.996	103.285	20.019	1.234	1.044
612.500	664.405	80.001	19.995	103.281	20.019	1.294	1.036
613.000	664.934	80.000	19.995	103.279	20.017	1.399	1.041
613.500	665.449	80.001	19.995	103.282	20.016	1.476	1.048
614.000	665.959	80.001	19.996	103.286	20.014	1.642	1.035
614.500	666.488	80.000	19.995	103.284	20.015	1.608	1.032
615.000	666.997	79.999	19.995	103.285	20.017	1.461	1.038
615.500	667.547	80.001	19.996	103.290	20.018	1.316	1.048
616.000	668.018	80.001	19.996	103.294	20.013	1.719	1.040
616.500	668.570	80.000	19.996	103.296	20.014	1.675	1.022
617.000	669.052	80.001	19.996	103.299	20.013	1.760	1.029
617.500	669.610	80.000	19.996	103.301	20.015	1.549	1.037
618.000	670.091	80.002	19.995	103.303	20.012	1.812	1.039
618.500	670.633	80.000	19.995	103.301	20.011	1.916	1.031
619.000	671.175	80.001	19.995	103.300	20.015	1.557	1.054
619.500	671.662	80.001	19.996	103.299	20.014	1.685	1.057
620.000	672.169	80.001	19.995	103.300	20.011	1.905	1.011
620.500	672.690	80.001	19.996	103.301	20.015	1.542	1.011
621.000	673.249	80.000	19.995	103.303	20.013	1.748	1.054
621.500	673.734	80.000	19.995	103.306	20.012	1.788	1.062
622.000	674.259	80.002	19.994	103.307	20.015	1.585	1.027
622.500	674.802	80.001	19.995	103.308	20.012	1.790	1.039
623.000	675.303	80.001	19.995	103.307	20.015	1.555	1.056
623.500	675.808	80.000	19.994	103.307	20.015	1.570	1.025
624.000	676.314	80.001	19.994	103.306	20.013	1.699	1.009
624.500	676.820	80.001	19.995	103.306	20.015	1.583	1.011
625.000	677.367	80.001	19.996	103.307	20.014	1.690	1.032
625.500	677.880	80.001	19.994	103.307	20.012	1.776	1.056
626.000	678.374	80.000	19.995	103.308	20.013	1.701	1.034
626.500	678.888	80.000	19.995	103.309	20.015	1.577	1.008
627.000	679.376	80.001	19.996	103.314	20.012	1.835	1.005
627.500	679.879	80.001	19.994	103.320	20.011	1.874	0.996
628.000	680.459	80.000	19.995	103.323	20.014	1.645	1.037
628.500	680.945	80.000	19.995	103.329	20.012	1.840	1.075
629.000	681.471	79.999	19.995	103.331	20.009	2.066	1.039
629.500	681.947	80.001	19.994	103.328	20.009	2.009	1.008
630.000	682.465	80.000	19.994	103.324	20.010	1.996	0.998
630.500	682.983	80.000	19.993	103.327	20.012	1.850	1.015
631.000	683.478	80.000	19.995	103.327	20.013	1.739	1.024
631.500	683.990	80.001	19.995	103.331	20.010	1.987	1.010
632.000	684.474	80.000	19.994	103.338	20.011	1.876	1.001
632.500	685.009	80.000	19.994	103.342	20.005	2.335	1.008
633.000	685.548	80.000	19.994	103.344	20.009	2.068	1.047
633.500	686.015	79.999	19.994	103.345	20.010	1.996	1.040
634.000	686.517	80.000	19.994	103.346	20.010	1.998	0.988
634.500	687.046	80.000	19.995	103.347	20.006	2.314	1.000
635.000	687.556	79.999	19.994	103.348	20.011	1.880	1.035
635.500	688.054	80.000	19.994	103.348	20.011	1.930	1.024
636.000	688.598	79.998	19.994	103.349	20.009	2.020	1.025
636.500	689.101	80.000	19.995	103.349	20.009	2.015	1.044
637.000	689.637	80.001	19.996	103.350	20.007	2.206	1.043
637.500	690.166	80.001	19.995	103.350	20.007	2.189	1.052
638.000	690.649	80.000	19.994	103.352	20.006	2.287	1.039
638.500	691.133	80.001	19.995	103.353	20.005	2.387	0.990
639.000	691.628	79.999	19.995	103.353	20.005	2.330	0.973
639.500	692.155	80.001	19.996	103.354	20.007	2.165	1.001
640.000	692.661	79.999	19.996	103.354	20.007	2.174	1.027
640.500	693.164	80.001	19.996	103.354	20.007	2.197	1.021
641.000	693.672	80.001	19.995	103.355	20.009	2.082	1.010
641.500	694.185	80.001	19.995	103.355	20.006	2.249	1.016
642.000	694.718	80.000	19.995	103.354	20.008	2.110	1.033
642.500	695.231	80.002	19.996	103.354	20.007	2.193	1.046
643.000	695.763	80.000	19.994	103.352	20.007	2.204	1.045
643.501	696.239	80.001	19.994	103.351	20.007	2.240	1.026
644.001	696.717	80.001	19.995	103.350	20.008	2.163	0.981
644.500	697.217	80.002	19.996	103.351	20.007	2.212	0.966
645.000	697.743	80.002	19.997	103.355	20.007	2.242	1.002
645.500	698.264	80.001	19.995	103.359	20.006	2.264	1.037
646.000	698.750	80.001	19.995	103.362	20.005	2.366	1.027
646.500	699.249	80.001	19.995	103.369	20.006	2.258	0.996
647.000	699.775	80.001	19.995	103.376	20.005	2.324	1.005
647.500	700.275	80.002	19.995	103.379	20.002	2.563	1.025
648.000	700.765	80.002	19.995	103.383	20.001	2.702	1.007
648.500	701.264	80.001	19.994	103.386	20.002	2.589	0.989
649.000	701.782	80.002	19.995	103.386	20.000	2.719	1.003
649.500	702.288	80.002	19.995	103.386	20.000	2.777	1.021
650.000	702.813	80.002	19.995	103.386	20.001	2.668	1.028
650.500	703.285	80.001	19.995	103.386	20.002	2.576	1.014
651.000	703.761	79.999	19.994	103.386	19.999	2.848	0.972
651.500	704.301	80.004	19.994	103.386	20.000	2.773	0.982
652.000	704.814	79.999	19.995	103.387	20.000	2.739	1.035
652.500	705.290	80.002	19.994	103.388	19.998	2.876	1.021
653.000	705.822	80.002	19.995	103.389	19.998	2.869	0.998
653.500	706.301	80.001	19.995	103.390	19.999	2.840	1.009
654.000	706.804	80.002	19.995	103.390	19.998	2.910	0.997
654.500	707.314	80.002	19.995	103.390	19.994	3.227	0.997
655.000	707.842	80.001	19.995	103.388	19.993	3.329	1.026
655.500	708.309	80.002	19.995	103.387	19.998	2.904	1.016
656.000	708.798	80.001	19.995	103.388	19.996	3.056	0.975
656.500	709.281	80.001	19.996	103.395	19.995	3.178	0.964
657.000	709.801	80.001	19.995	103.402	19.991	3.465	0.988
657.500	710.300	79.999	19.995	103.407	19.994	3.193	1.011
658.000	710.812	80.001	19.995	103.414	19.993	3.315	1.015
658.500	711.360	80.001	19.995	103.416	19.993	3.306	1.036
659.000	711.826	80.001	19.995	103.416	19.994	3.247	1.037
659.500	712.326	80.000	19.996	103.412	19.994	3.219	0.990
660.000	712.837	80.002	19.996	103.409	19.992	3.351	0.988
660.500	713.321	80.002	19.996	103.407	19.994	3.245	1.003
661.000	713.824	79.999	19.994	103.411	19.996	3.063	0.992
661.500	714.323	80.001	19.995	103.411	19.992	3.341	0.995
662.000	714.841	80.003	19.996	103.416	19.990	3.508	1.009
662.500	715.308	80.004	19.996	103.421	19.990	3.538	1.001
663.000	715.862	80.003	19.995	103.423	19.988	3.658	1.003
663.500	716.350	80.001	19.995	103.424	19.990	3.551	1.031
664.000	716.875	80.001	19.995	103.424	19.994	3.245	1.027
664.500	717.356	80.002	19.996	103.425	19.993	3.262	1.009
665.000	717.871	80.002	19.996	103.426	19.991	3.474	1.001
665.500	718.343	80.000	19.996	103.427	19.990	3.493	0.991
666.000	718.842	80.002	19.996	103.431	19.995	3.138	0.979
666.500	719.384	80.001	19.995	103.438	19.988	3.682	1.006
667.000	719.845	80.001	19.995	103.444	19.991	3.449	1.022
667.500	720.376	80.001	19.996	103.450	19.988	3.723	0.998
668.000	720.883	80.001	19.995	103.456	19.987	3.729	1.015
668.500	721.312	80.002	19.996	103.457	19.990	3.565	0.987
669.000	721.824	80.002	19.995	103.455	19.987	3.734	0.938
669.500	722.334	80.004	19.996	103.451	19.987	3.740	0.982
670.000	722.821	80.002	19.997	103.450	19.989	3.584	1.009
670.500	723.299	80.002	19.996	103.451	19.986	3.807	0.981
671.000	723.820	80.002	19.996	103.451	19.987	3.777	0.982
671.500	724.325	80.002	19.996	103.454	19.986	3.809	1.013
672.000	724.835	80.002	19.996	103.458	19.988	3.723	1.021
672.500	725.357	80.003	19.996	103.462	19.988	3.668	1.023
673.000	725.844	80.003	19.996	103.466	19.986	3.824	1.020
673.500	726.325	80.000	19.996	103.466	19.983	4.094	0.988
674.000	726.809	80.003	19.996	103.467	19.984	4.034	0.967
674.500	727.339	80.004	19.996	103.468	19.985	3.946	0.990
675.000	727.819	80.003	19.997	103.467	19.986	3.872	1.012
675.500	728.331	80.003	19.996	103.467	19.986	3.818	1.001
676.000	728.816	80.001	19.995	103.472	19.986	3.855	0.994
676.500	729.301	80.000	19.995	103.473	19.985	3.955	0.984
677.000	729.825	80.001	19.995	103.471	19.982	4.155	0.990
677.500	730.304	80.001	19.995	103.477	19.982	4.118	1.006
678.000	730.824	80.003	19.996	103.481	19.985	3.958	1.001
678.500	731.292	80.001	19.995	103.483	19.981	4.240	0.993
679.000	731.808	80.000	19.996	103.490	19.976	4.591	0.986
679.500	732.327	80.001	19.995	103.498	19.978	4.452	1.010
680.000	732.831	80.000	19.995	103.500	19.979	4.354	1.029
680.500	733.297	80.000	19.994	103.500	19.979	4.354	0.996
681.000	733.816	80.002	19.996	103.502	19.977	4.542	0.977
681.500	734.322	80.000	19.996	103.504	19.981	4.240	1.005
682.000	734.834	80.000	19.996	103.504	19.981	4.253	1.022
682.500	735.318	80.002	19.996	103.504	19.980	4.337	1.007
683.000	735.785	80.000	19.996	103.504	19.978	4.470	0.974
683.500	736.287	79.999	19.995	103.502	19.975	4.673	0.960
684.000	736.786	80.002	19.995	103.500	19.979	4.422	0.985
684.500	737.273	80.000	19.995	103.505	19.981	4.204	0.994
